-99.34702877603915	0.002793454496215481
-98.42005745562443	0.0011734860408389354
-97.49308613514312	0.004004603654514362
-96.56611481472838	0.005233780417853847
-95.63914349431366	0.0006482412613576559
-94.71217217383236	-0.003232717034585823
-93.78520085341762	-0.002527245839699997
-92.85822953293632	-6.509467382018202e-05
-91.93125821252158	0.004981348793106505
-91.00428689204028	-0.0005731812589789117
-90.07731557155898	-0.002932518800247277
-89.15034425114426	-0.004414315950981221
-88.22337293066295	-0.00031310298157529045
-87.29640161018165	-0.000863888312535836
-86.36943028976691	-0.006507828514481043
-85.44245896928561	-0.0017567383081410074
-84.51548764887089	-0.0006364805643576087
-83.58851632838959	-0.0014345163040845822
-82.66154500797485	-0.001966504698387523
-81.73457368749355	0.004548636931556134
-80.80760236707881	-0.0024871968855428956
-79.88063104666409	-0.00043213977108573715
-78.95365972618278	0.0010639565034145934
-78.02668840570148	-0.004073637983666663
-77.09971708528674	-0.0015811113040661996
-76.17274576480544	0.0005511803203674719
-75.24577444432414	-0.0006505974823260172
-74.31880312390942	0.00033496276578113887
-73.3918318034281	0.0028300603925048807
-72.46486048301337	-0.00046428342445066853
-71.53788916253207	-0.0031630256574932624
-70.61091784211735	-0.0022086614291425134
-69.68394652163605	0.0014024259879701912
-68.75697520122131	0.0009854651711015377
-67.83000388074001	0.0034904965473964117
-66.90303256032527	0.0027526323938878183
-65.97606123984397	-0.002275833162503036
-65.04908991942924	0.0026498158550331873
-64.12211859894794	0.002349657273193956
-63.19514727853321	-0.0025892792314350724
-62.26817595805191	-7.718213238009142e-05
-61.34120463757061	-0.001530198053279169
-60.41423331715587	0.0031917982321178168
-59.48726199667457	0.0037385737999491055
-58.56029067625984	-0.0003058024237588819
-57.63331935577853	0.002148340336908425
-56.7063480353638	-0.0006498852922462256
-55.7793767148825	-0.0006044848355320123
-54.85240539446777	-0.0029556019673698535
-53.92543407398647	-0.004288958512292595
-52.99846275357173	0.0028250355550550965
-52.07149143309043	0.007818002109916743
-51.1445201126757	0.00023350487742394583
-50.2175487921944	-0.0018251805674034506
-49.2905774717131	0.001027663200342482
-48.36360615129836	0.0035089254554578593
-47.43663483081706	-0.003473752677373071
-46.50966351040233	-0.00501210822357786
-45.58269218992103	-0.0038177163586959667
-44.6557208695063	0.002108539591621326
-43.72874954902499	0.002530478151610919
-42.80177822861026	-0.0027750103046021426
-41.87480690812896	-0.0014295435530047177
-40.94783558771422	-0.0016050275196954344
-40.02086426723292	-0.0002577062808848153
-39.09389294681819	-0.0025049320628952087
-38.16692162633689	0.0022233247578391977
-37.23995030585559	-0.004928594345227643
-36.31297898544086	-0.00021155604875362926
-35.38600766495956	0.0007763448204915037
-34.45903634447826	0.0011317552856261813
-33.53206502406352	0.0003979342196569843
-32.60509370364879	-0.0023317876545213894
-31.67812238316749	0.0018040022358739572
-30.75115106275275	-9.833168648594115e-05
-29.82417974227145	-0.0009744531490419029
-28.89720842185672	0.003049345970653427
-27.97023710137542	0.002260695644935535
-27.04326578096069	0.006191297696028083
-26.11629446047938	0.0031180557960428456
-25.18932313999808	0.0021838054669798034
-24.26235181958335	-0.0023385059192729276
-23.33538049910205	0.0014558408590609052
-22.40840917862075	0.0007134968736457477
-21.48143785820602	-0.002250104953965857
-20.55446653772471	0.0020602501476668315
-19.62749521730998	0.0014053987998726885
-18.70052389682868	0.0009122494738687588
-17.77355257641394	0.0003477624907602311
-16.84658125599922	0.0008535700215404619
-15.91960993551791	-0.0013936139129090586
-14.99263861510318	-0.00647584344181871
-14.06566729462188	-0.0077414208445306335
-13.13869597420715	-0.007101806550498907
-12.21172465372585	-0.012423099139289392
-11.28475333324454	-0.004952295340579853
-10.35778201282981	-0.0015412000341598247
-9.43081069234851	-0.0030544962499307465
-8.503839371867208	-0.00313704516790591
-7.576868051452475	-0.0021648861182103946
-6.649896730971174	0.008445733418918818
-5.72292541055644	0.008452197813132906
-4.79595409007514	0.0012986832839712405
-3.868982769660406	0.000528457900861321
-2.942011449245673	0.005818291583118773
-2.015040128764372	0.003937546099947457
-1.088068808349639	0.0018232650704392737
-0.1610974878683381	-0.005763566036425606
0.7658738325796789	-0.0009874299017789395
1.69284515306098	0.004475272643135704
2.619816473475713	-0.0007534373830371041
3.546787793957014	-0.004734977111764605
4.473759114405031	-0.00673710182462596
5.400730434853048	-0.001067054953312086
6.327701755301065	-0.002008628079625805
7.254673075782367	0.0030853590645182464
8.1816443961971	-0.00011734140290645023
9.108615716678399	-0.00406465551403824
10.03558703709313	-0.0009094974511272982
10.96255835757444	0.0005811604534643476
11.88952967802245	0.000215617717262796
12.81650099843718	0.0019849657076823385
13.74347231891849	0.0010475476420253988
14.67044363933322	0.002540768587482529
15.59741495981452	-0.0028312245388674795
16.52438628026254	-0.0016046029700577948
17.45135760071055	-0.00039744608923335267
18.37832892115857	0.002036188570349043
19.30530024163987	0.000890755325320755
20.23227156205461	0.0006346003422012846
21.15924288253591	0.004572691637398286
22.08621420295064	0.006683459077207567
23.01318552343194	-0.002091535622186892
23.94015684387996	-0.0030769588947129984
24.86712816432798	0.0021636646755895553
25.79409948477599	0.0013843523545691771
26.72107080525729	0.0036789132579624732
27.64804212567202	0.0023028083513941524
28.57501344608676	0.002907700450377135
29.50198476656806	0.0008990542203124466
30.42895608701608	0.0014217361764892833
31.3559274074641	0.001261114684084994
32.28289872791211	-0.0017622600418348753
33.20987004839341	-0.00511390593631671
34.13684136880815	0.00012924091548132224
35.06381268928945	0.001970326278289207
35.99078400970419	-0.0012795222332749466
36.91775533018548	-0.002803825154704873
37.8447266506335	-0.005134381171606121
38.77169797108152	-0.006094597119696116
39.69866929152953	0.00229406201519587
40.62564061201083	-0.0012408269028712422
41.55261193242557	-0.00201084515995042
42.47958325290686	-0.003906002192206464
43.4065545733216	-0.002776005585916015
44.33352589376962	0.002313438922532448
45.26049721425092	0.0024256274466385465
46.18746853466565	0.00432905794979016
47.11443985514695	-0.00018016975473679546
48.04141117556169	0.002996645996221834
48.96838249604298	0.00446810871571833
49.895353816491	0.0061946237666931055
50.82232513693902	0.0022367983619747712
51.74929645738704	-0.000569258435719932
52.67626777786834	0.0005765642862138554
53.60323909828308	-0.0018055207097307869
54.53021041876437	-0.0006392988111726476
55.45718173917911	0.0028137464441576263
56.38415305966041	0.002544333368417523
57.31112438010842	0.001302682123652735
58.23809570055644	-0.0008581852782029239
59.16506702100446	-0.003479344975327494
60.0920383414192	-0.0012181712560108517
61.01900966190049	0.002234763441345323
61.94598098234851	-0.0009509114717725732
62.87295230279653	-0.00334016473398993
63.79992362324455	-0.005174163234044014
64.72689494372585	-0.002404872010783925
65.65386626414059	0.002705045746829393
66.58083758462189	0.003766628699723131
67.50780890503661	0.001184917358712686
68.43478022551791	0.00139795408450153
69.36175154596593	-0.004022216912318655
70.28872286641395	0.0005524504287319655
71.21569418686197	0.0011188040180213493
72.14266550734327	0.00028239361580561617
73.069636827758	0.001993570832229108
73.9966081482393	0.003939089127324194
74.92357946865403	8.203811011503108e-06
75.85055078910206	0.004441972043099773
76.77752210955008	-7.544716671408661e-05
77.70449342999808	0.0006812070411549432
78.63146475047938	0.003293797376180119
79.55843607089412	-0.0009276116022772341
80.48540739137543	-0.0014560534849675799
81.41237871179015	-0.0007424600127532517
82.33935003227145	-0.0017044610766084377
83.26632135271947	-0.0070211847176191505
84.19329267316749	-0.001029657126983256
85.12026399361551	-0.0032805026460104737
86.04723531409681	0.0017184562338776635
86.97420663451155	-0.0004982011288523017
87.90117795499285	0.0008144064741544063
88.82814927540757	0.004668462101140697
89.75512059588887	-0.0011078493397623749
90.6820919163369	-0.0018695410905356072
91.60906323675162	0.0029961754567283676
92.53603455723292	2.899075982506984e-05
93.46300587764766	-0.0002699028735618224
94.38997719812896	-0.00109551128586052
95.31694851857698	-0.0026111384696109923
96.243919839025	-0.0024531865674651343
97.17089115947302	-0.004216155872186648
98.09786247995432	0.0030633551733489097
99.02483380036904	0.002488949976154122
99.95180512085035	0.0019843337931297576
