-99.86313073651918	0.0013921132105487416
-98.93612578064733	-0.0005021708123381322
-98.00912082470892	-0.0009868292081554135
-97.08211586877049	-1.1857306218109157e-05
-96.15511091289865	-0.00025836308961859174
-95.22810595696022	-0.001730048685959721
-94.30110100108837	-0.002992511843247246
-93.37409604514995	0.00017296260905819448
-92.44709108921154	0.002659591313829975
-91.52008613333969	0.00026344095490460763
-90.59308117740127	0.0012743468405517835
-89.66607622146284	0.00436859150178486
-88.73907126559101	0.004608743305511925
-87.81206630965258	-0.0005839849174724937
-86.88506135378073	0.003740422770344917
-85.95805639784231	-0.0022747859291309238
-85.0310514419039	-0.0026572628770899502
-84.10404648603203	-0.0005251208104628996
-83.17704153009362	-0.0015471546397266094
-82.25003657422177	-0.004207632731868763
-81.32303161828335	-0.005144478178512003
-80.39602666234492	-0.00035187004919749856
-79.46902170647309	0.0005764953701721644
-78.54201675053466	0.0020958133537306144
-77.61501179459624	0.0005119095268859442
-76.68800683872439	-0.0014939913276004518
-75.76100188278598	-0.0006619164486943866
-74.83399692691412	0.00039251373867109466
-73.90699197097571	0.00025357447419641896
-72.97998701503728	-0.0023458644723433476
-72.05298205916544	-0.0005422299208166168
-71.12597710322702	0.0016106836143871027
-70.1989721472886	-0.0019343071656797613
-69.27196719141675	-0.00198099541971922
-68.34496223547833	9.554477345648861e-05
-67.41795727960648	0.004074927369409666
-66.49095232366807	0.0003923033274026062
-65.56394736772965	0.0012948195945635694
-64.6369424118578	0.0020322881048933754
-63.70993745591937	0.0012253647931125987
-62.78293250004753	0.0015755386233493249
-61.85592754410911	0.002757800632667593
-60.92892258817069	0.001876232989436316
-60.00191763229884	0.0013271780665388452
-59.07491267636042	0.0019595175294231937
-58.147907720422	-0.002636518561007226
-57.22090276455015	-0.0006528726306622867
-56.29389780861173	-0.00011938045969310423
-55.36689285273988	0.0008820879649204318
-54.43988789680146	0.001168577611622842
-53.51288294086305	-0.0032955724186232
-52.58587798499119	-0.00344835970040254
-51.65887302905278	-0.0011174792770726096
-50.73186807318093	-0.001310694439147874
-49.80486311724251	-0.0002557774878437644
-48.87785816130409	0.0039069595162201255
-47.95085320543224	-0.0009842059808427169
-47.02384824949382	-0.0050124977452077665
-46.0968432935554	-0.0076082414595209915
-45.16983833768355	-0.004844495412239709
-44.24283338174514	0.0006524088278671024
-43.31582842587328	-0.002026204247940919
-42.38882346993486	-0.0003816647331946249
-41.46181851399645	-0.0065058879361938405
-40.5348135581246	-0.004340584995145327
-39.60780860218618	-0.0002465334784600597
-38.68080364631433	-0.004198677970209981
-37.75379869037591	0.00010771935925586752
-36.82679373443749	-0.004563231802464183
-35.89978877856564	-0.0009773104507593343
-34.97278382262722	-0.00031022479010074666
-34.0457788666888	-0.0019336927452951993
-33.11877391081695	0.0017230575421017112
-32.19176895487853	-0.0026706527677869797
-31.26476399900668	0.0006007463201084484
-30.33775904306826	0.0004958031839130201
-29.41075408712985	0.0014947341477562946
-28.48374913125799	-0.00014392694043778624
-27.55674417531958	0.0011255808836795214
-26.62973921944772	-0.004378864691647244
-25.70273426350931	-0.003260179631966125
-24.77572930757089	-0.002199393919465511
-23.84872435169904	-0.0009477219009813632
-22.92171939576062	0.0011978273788362088
-21.9947144398222	-0.004653580140803098
-21.06770948395035	-0.006328473840315102
-20.14070452801193	0.0007241012916139701
-19.21369957214008	-0.0032441356157767278
-18.28669461620166	-0.0002129615742862054
-17.35968966026324	-0.0023322799808747643
-16.4326847043914	-0.0030311808469463443
-15.50567974845298	-0.006353061012790378
-14.57867479258113	-0.0015547243471830737
-13.65166983664271	0.0009398780678520155
-12.72466488070429	-0.001103852232876105
-11.79765992483244	-0.005133971252805309
-10.87065496889402	-0.0038373226738591813
-9.943650012955601	0.0029508120181546893
-9.01664505708375	-0.003623656577012923
-8.089640101145333	0.0016786641302300373
-7.162635145273482	0.0002776086384403967
-6.235630189335063	-0.0017409667108960112
-5.308625233396645	-0.003197603784559756
-4.381620277524794	-0.0006555426939523874
-3.454615321586376	0.0006810281833893792
-2.527610365714525	0.0015423321971202682
-1.600605409776107	-0.0007290355677465163
-0.6736004538376884	-0.0018029982678316055
0.2534045020674461	-0.008835097263541107
1.180409457972581	-0.0033798420663777567
2.107414413877715	-0.0038909802714114207
3.03441936978285	-0.005000507474909034
3.961424325721268	-0.004842957177123914
4.888429281626403	-0.004678640670244435
5.815434237531537	0.0006862230884977683
6.742439193436672	0.0009169276185602731
7.669444149341806	-0.0030070509273370004
8.596449105280223	-0.008089073591798225
9.523454061185358	-0.006604478426497353
10.45045901709049	-0.00435648029108329
11.37746397299563	-0.00013824063724445634
12.30446892893405	-0.0024201372779327408
13.23147388483918	-0.00525039414174682
14.15847884074432	-0.0038813710124750377
15.08548379664945	-0.0021549432537974734
16.01248875258787	0.003958218480852439
16.939493708493	0.0024967085532669
17.86649866439814	0.000800736660283428
18.79350362030327	1.2908168445005183e-05
19.72050857627497	-0.0038291355364990865
20.64751353218011	-0.002645316685251841
21.57451848808524	0.0007877092542133857
22.50152344399038	0.0007012939706755574
23.4285283999288	0.0016156467185290803
24.35553335583393	0.0019036247414876595
25.28253831173907	-0.001121166288871405
26.2095432676442	0.0009105581802778163
27.13654822358261	0.005082872051235435
28.06355317948776	0.0045987390588419245
28.99055813539289	0.001941873268384825
29.91756309129802	0.0012295395883461845
30.84456804723644	0.005639824297990473
31.77157300314157	0.0038893555897931164
32.69857795904671	-0.00016037587329033833
33.62558291495185	0.0006624536142855307
34.55258787085698	0.0024606213876063312
35.47959282679539	0.004056119013088816
36.40659778270054	0.0018694629051123437
37.33360273860567	-0.005762045042508845
38.2606076945108	-0.006218976810213117
39.18761265044922	-0.002987247591537957
40.11461760635435	-0.0031471951171261367
41.04162256225948	-0.0020084689638911785
41.96862751816462	0.0031258901506576986
42.89563247410304	0.002548071088931391
43.82263743000817	-0.0014916569713829863
44.7496423859133	-0.0042138237871250026
45.67664734181844	-0.006752577284623547
46.60365229775686	0.0007166372201812847
47.53065725366199	-5.7002183543179496e-05
48.45766220956713	-0.002559803191962813
49.38466716547227	-0.00011300846217690065
50.3116721213774	0.0030346752270223425
51.23867707731582	-0.0011004921707691469
52.16568203322095	-0.0011072931006456768
53.09268698912609	3.365847737050456e-05
54.01969194503122	0.004623917986932049
54.94669690096964	0.0017021211488099136
55.87370185687477	0.0010695449091774442
56.80070681277991	0.001120898382734993
57.72771176868505	0.002684793810675189
58.65471672462346	0.0005548475334886175
59.5817216805286	-0.0006057290213895631
60.50872663643374	-0.0014240183370927062
61.43573159233887	0.0030276542100049026
62.362736548244	-0.0009214386175436119
63.28974150418242	0.0027198651287509033
64.21674646008755	0.002926067645163187
65.14375141599268	0.0023413424524435147
66.07075637189782	0.0009260554873482727
66.99776132783624	-0.0015859837909888625
67.92476628374138	-0.0039777012798451585
68.85177123964651	-0.002041897096856341
69.77877619555164	0.001395075570876252
70.70578115149007	0.0017494416325193381
71.63278610739519	-0.0014186747259182129
72.55979106330034	-0.0016735888461706005
73.48679601920546	-0.004248974387459676
74.4138009751106	-0.0010778421013990754
75.34080593104902	0.002873111407942373
76.26781088695415	-0.0006957250611822122
77.19481584285928	-0.0010237760385800063
78.12182079876443	-0.0008992580976601586
79.04882575470285	-0.0015267585561348654
79.97583071060798	0.0005942058381201525
80.90283566651311	0.004408400236045779
81.82984062241825	-0.004013736968779739
82.75684557835666	0.0018144672185204911
83.68385053426181	0.0011806817676238647
84.61085549016693	-0.0012833269886491155
85.53786044607207	0.0014371660488482277
86.4648654019772	-0.0010215238363875988
87.39187035791561	0.0015424602563540878
88.31887531382075	0.00032683829270299366
89.24588026972589	-0.001226455234246571
90.17288522563102	-0.004202489826549733
91.09989018156944	-0.001349837489184396
92.02689513747458	0.0011926387770162532
92.9539000933797	0.0034100464972713442
93.88090504928485	-0.002351404740399065
94.80791000522326	0.002491808266415035
95.7349149611284	0.0024891539009432844
96.66191991703353	0.00135362730850516
97.58892487293866	-0.0013363180073791346
98.51592982887708	-0.002771968574037221
99.44293478478222	0.0010357106761474263
