-99.29085260192487	-0.0002773063804180988
-98.36388718975722	0.000512363915635577
-97.43692177752301	0.0006501095064907332
-96.50995636535536	-0.002238612222854558
-95.58299095312115	-0.00268835368108676
-94.65602554095352	-0.0005005070705769174
-93.72906012871931	-0.0013579743873805663
-92.80209471655166	0.001367962578762196
-91.87512930431747	-0.0034517877555732823
-90.94816389208324	6.384323250387114e-05
-90.02119847991561	0.0006568643721999399
-89.0942330676814	0.0002710846990366571
-88.16726765551375	0.003674813454851277
-87.24030224327956	-0.0014796099122035174
-86.31333683111191	0.0013545842523403928
-85.38637141887772	-0.00041654419073334
-84.45940600671007	-0.0008417451743256926
-83.53244059447584	0.0006391615749779223
-82.6054751823082	0.00045909653690747983
-81.678509770074	0.0006969203975084633
-80.75154435790635	0.0010575540491417606
-79.82457894567216	0.0018877785904837872
-78.89761353350451	-0.00024609467347359783
-77.9706481212703	-0.0014360942314231267
-77.04368270910267	0.0008637016342580403
-76.11671729686844	0.0020533948475081
-75.18975188463425	0.0032613575385807766
-74.2627864724666	0.005369102044045216
-73.33582106023239	0.0002062909067860697
-72.40885564806476	0.00016047687600340854
-71.48189023583053	-0.0020055570927871905
-70.5549248236629	-0.002518947837754736
-69.62795941142869	-0.00020033199075271442
-68.70099399926104	0.00025415402268079087
-67.77402858702685	-0.00044964601667681016
-66.8470631748592	-0.0007366981217326371
-65.92009776262499	0.0006386819009216351
-64.99313235045736	0.0008000384510097864
-64.06616693822315	-0.0021806738654288867
-63.1392015260555	0.00298021976396029
-62.2122361138213	0.000981164357847524
-61.28527070165365	-0.001118464858781526
-60.35830528941944	0.0006043575453742403
-59.43133987718523	0.0020703472079313745
-58.50437446501759	0.0025382399728219322
-57.57740905278338	0.002998901890293405
-56.65044364061574	-0.00018491078309124296
-55.72347822838153	-0.004173841584453583
-54.79651281621389	-0.0017684338445997437
-53.86954740397968	-0.0010724806880203384
-52.94258199181204	-0.0007182850328905996
-52.01561657957783	-0.004135009591070239
-51.08865116741019	-0.002733106868103503
-50.16168575517598	-0.0028520191632192033
-49.23472034300834	-0.003318368569330669
-48.30775493077413	0.0036680130269642138
-47.38078951860649	0.0007878839453830574
-46.45382410637228	0.00022308271195891006
-45.52685869420464	0.002388508059040267
-44.59989328197044	0.0004105689252911221
-43.67292786980279	0.00019892445569091478
-42.74596245756858	-0.0012413759984654434
-41.81899704540094	2.80371204324167e-05
-40.89203163316674	0.0005495735763103077
-39.96506622099909	-0.000720206660590475
-39.03810080876488	0.0014039965862868526
-38.11113539659723	0.0024550136998144597
-37.18416998436303	-0.0010384947308199053
-36.25720457219539	-0.0035966079101131657
-35.33023915996118	-0.0031251548362466624
-34.40327374779353	-0.0018218943010863402
-33.47630833555933	-0.0009808148901826804
-32.54934292339169	0.00633617501722933
-31.62237751115748	0.003503587248230142
-30.69541209898984	0.00038562383621567866
-29.76844668675563	-0.0032467629791026677
-28.84148127458799	-0.0009165807516980589
-27.91451586235378	0.002436453170771826
-26.98755045018614	0.0020206016469647503
-26.06058503795193	0.0023722377418539703
-25.13361962578429	0.00021367472672815467
-24.20665421355008	-0.0010157039208085034
-23.27968880138244	0.0009352754831636042
-22.35272338914823	-0.002804933171120425
-21.42575797698059	0.00012024421288994728
-20.49879256474638	-0.0006483180619392544
-19.57182715257874	-0.00173797548642655
-18.64486174034453	0.0005695966549250063
-17.71789632817689	0.0011994232839278073
-16.79093091594268	0.0010100995287096951
-15.86396550377504	0.0027119607237140377
-14.93700009154083	0.0017430224096995988
-14.01003467937319	-0.0010149296662593373
-13.08306926713898	-0.0019267195507730681
-12.15610385497134	-0.003176921084136425
-11.22913844273713	-0.004112157900328742
-10.30217303050292	-0.0014927434270139487
-9.37520761833528	0.002367209114459562
-8.448242206101071	0.0022728967090588003
-7.521276793933429	0.003373866548066272
-6.594311381699221	1.9996029079922023e-05
-5.667345969531579	-0.0024943172439867993
-4.740380557297371	-0.005116755460905058
-3.813415145129729	-0.00023669060513045522
-2.886449732895521	0.006076455546196785
-1.959484320727879	0.011712751422251946
-1.03251890849367	0.008704985658525765
-0.1055534963260287	0.005839047096824426
0.8214119159081801	0.0017333447852696127
1.748377328075821	0.003703377978298435
2.67534274031003	0.014074286136663483
3.602308152477672	0.05195253892743281
4.529273564711881	0.032578886223989904
5.456238976946088	1.7518106033787067e-05
6.38320438911373	-0.002838685140421137
7.310169801347939	-0.0018996330230449771
8.23713521351558	0.0002812551568076821
9.16410062574979	0.004713860304097615
10.09106603791743	-0.002260416469898865
11.01803145015164	0.0013212761524099875
11.94499686231928	0.0018201596949314039
12.87196227455349	-0.004624764112111948
13.79892768672113	-0.0022552533321819413
14.72589309895534	-0.0032550558224249395
15.65285851112298	0.0005371407663281123
16.57982392335719	-0.0006610510104382857
17.50678933552483	0.002296361609075895
18.43375474775904	0.0018983115929861055
19.36072015992668	-0.0013294578842767341
20.28768557216089	0.0009519965580337535
21.21465098436181	0.004443388506979411
22.14161639656274	0.000822481755937547
23.06858180876366	0.004260310304600932
23.99554722096459	0.000762278358977803
24.92251263316551	-0.0005352296686081557
25.84947804536644	-0.0009046991595177551
26.77644345756737	0.000598214711203579
27.70340886976829	8.778697482599044e-05
28.63037428196922	0.002726172868934971
29.55733969417014	0.0023498778374315818
30.48430510637107	-0.0011866224694677512
31.41127051857199	0.001972517804768956
32.33823593077292	0.003627964722989063
33.26520134297385	0.001373904554355463
34.19216675517477	-1.5256225653529504e-05
35.11913216737569	-0.0013416809352441367
36.04609757957661	-0.0006201526863071107
36.97306299181083	0.0004899256155822879
37.90002840397847	-0.0008193687288357784
38.82699381621268	-0.0014476282125056655
39.75395922838032	5.0854877943712655e-05
40.68092464061453	0.0017113884621989687
41.60789005278217	0.00017268066626205663
42.53485546501637	0.00213943982245054
43.46182087718402	0.0026824744693973467
44.38878628941823	-0.0003008066479491309
45.31575170158587	0.001192305421675016
46.24271711382007	0.0006805198358491509
47.16968252598772	0.003143345958468026
48.09664793822193	0.002600893359741933
49.02361335038957	0.003515271816196635
49.95057876262377	0.005148591310673281
50.87754417479142	0.0016973620323285637
51.80450958702563	-0.0002386056233654221
52.73147499925984	-0.0007472010546210942
53.65844041142747	-0.0001678134533353799
54.58540582366168	-0.0037855318050897804
55.51237123582933	-0.004924544889150322
56.43933664806354	-0.0006236412784675929
57.36630206023117	0.0005814906603233496
58.29326747246539	-0.0030007372330971794
59.22023288463303	-0.004782212912733329
60.14719829686724	-0.0047427241262738284
61.07416370903488	-0.006892458415091902
62.00112912126909	-0.006097903114245361
62.92809453343673	-5.714535247651389e-05
63.85505994567093	-0.0023734720522122547
64.78202535783858	-0.0018153699295639528
65.70899077007277	0.0025613745056724743
66.63595618224042	0.0036387749500165125
67.56292159447464	0.0029078453063031734
68.48988700664228	0.0011803996836829013
69.41685241887649	-0.0006783476023783865
70.34381783107742	-0.0016164820300993098
71.27078324327833	0.0038632111286170034
72.19774865547926	0.0031175468081827925
73.12471406768017	0.0005239401493258814
74.05167947988112	-0.003419293500910519
74.97864489208204	0.0005965614108322758
75.90561030428296	-0.0008263793557715786
76.83257571648389	-0.0012329998347324377
77.75954112868482	-0.0018556838537452207
78.68650654088573	-3.481503418941638e-05
79.61347195308666	-0.0005007767911290018
80.54043736528757	0.0005533476666875088
81.46740277748852	-0.001611224663172979
82.39436818968944	0.0004195234231719517
83.32133360189036	0.0018860093359201763
84.24829901409129	0.003788950691584989
85.17526442629222	-0.0014188346870048346
86.10222983852641	0.002334071229294977
87.02919525069406	-0.0003061133240558539
87.95616066292827	-3.769905282181938e-06
88.8831260750959	0.001513920133706633
89.81009148733013	0.002696175647316717
90.73705689949776	0.002406815696269606
91.66402231173197	0.003606259547602321
92.59098772389962	0.0007522266746673862
93.51795313613381	-0.002112963242867278
94.44491854830146	-0.0054712903190182564
95.37188396053568	-0.002925534461486652
96.2988493727033	0.0019887246283418645
97.22581478493753	0.0029953074553970907
98.15278019710517	-0.0027809652690757108
99.07974560933937	-0.0005300726275157857
