-26.9828 0.14443082348000025
-26.3326 -0.044919289739999924
-25.6824 0.15864680266000009
-25.0322 -0.010683174199999756
-24.382 -0.24688713596
-23.7318 0.38425186870000005
-23.0816 0.1180177024000002
-22.4314 0.005383405820000187
-21.781200000000002 0.3011430673400002
-21.131 0.0276747341200001
-20.480800000000002 0.02001997610000017
-19.8306 0.014384055360000092
-19.1804 0.2526909726200002
-18.5302 -0.05198522021999996
-17.880000000000003 0.10085758552000024
-17.2298 0.2549621645600002
-16.5796 0.017496429500000188
-15.929400000000001 0.21483777362000023
-15.279200000000001 -0.034993339779999966
-14.629000000000001 -0.04416222575999984
-13.978800000000001 0.21870721174000018
-13.328600000000002 0.18009694876000015
-12.678400000000002 -0.00664549963999983
-12.0282 -0.019347350859999946
-11.378000000000002 0.17277866362000016
-10.727800000000002 0.17959223944000025
-10.077600000000004 -0.006729617859999815
-9.427400000000002 -0.040461024080000074
-8.777200000000004 0.15292676370000025
-8.127000000000002 0.029693571400000174
-7.476800000000004 -0.24226063385999974
-6.826600000000003 -0.008664336919999904
-6.176400000000001 0.3039189686000001
-5.526200000000003 0.2605139670800001
-4.876000000000001 0.5798267302000002
-4.225800000000003 1.4752651821000002
-3.5756000000000014 1.6339962632400002
-2.9254000000000033 0.8399202664400001
-2.2752000000000017 0.44994819852000023
-1.6250000000000036 0.1960794105600001
-0.9748000000000019 0.14745907940000014
-0.3246000000000038 0.18447109620000024
0.3255999999999979 0.08495924194000004
0.975799999999996 -0.047611072779999875
1.6259999999999977 -0.0195997055199999
2.276199999999996 0.16419860518000018
2.9263999999999974 0.14241198620000017
3.576599999999999 0.20970656220000006
4.226799999999997 0.06872442548000013
4.876999999999995 0.25344803660000004
5.527200000000004 0.16966628948000007
6.177400000000002 -0.10018496027999979
6.8276 0.17933988478000007
7.4777999999999984 0.07175268140000024
8.128000000000004 -0.06536001719999995
8.778200000000002 0.09118399022000023
9.4284 -0.14973059185999982
10.078599999999998 0.14821614338000022
10.728800000000003 -0.2620284155599999
11.379000000000001 -0.12382218009999968
12.0292 -0.12340158899999998
12.679399999999998 0.028011207000000038
13.329600000000003 -0.07680009512000008
13.979800000000001 -0.03835806857999979
14.629999999999999 -0.18388258917999978
15.280200000000004 0.011103444780000249
15.930400000000002 0.30324602284000024
16.5806 0.1282801252400001
17.2308 -0.028432118619999835
17.881000000000004 -0.16689070873999978
18.531200000000002 0.16907746194000017
19.1814 -0.10590499924000008
19.831599999999998 -0.15789005919999988
20.481800000000003 -0.4236195161799998
21.132 -0.05627524943999984
21.7822 0.08066921272000016
22.432399999999998 -0.040713378739999806
23.082600000000003 -0.07251006589999975
23.7328 -0.051732865559999786
24.383 0.23283907270000004
25.033200000000004 -0.035161576219999935
25.683400000000002 -0.19128499253999975
26.3336 -0.12373806187999992
26.9838 0.1500667442200001
27.634000000000004 -0.22510051697999978
28.284200000000002 -0.2189598869199998
