-99.19811588453469	0.002883068746506391
-98.2722323537149	0.00013011759594532034
-97.34634882282855	-0.0002000140963091756
-96.42046529200876	0.0021567925268251307
-95.49458176112239	0.0009205863224304254
-94.56869823023604	-0.0012634238524110476
-93.64281469941625	0.0017987208593829033
-92.7169311685299	0.0003381593148945084
-91.79104763764356	-0.0005768196287940363
-90.86516410675719	6.732885399511943e-06
-89.93928057593742	-0.00477941428544267
-89.01339704511763	5.1867715761651565e-05
-88.08751351423126	-0.0013715222539053143
-87.16162998334491	0.0009446246626386559
-86.23574645245857	0.003322097322475768
-85.30986292163878	0.00021742458268824734
-84.38397939075243	0.0012420753003582847
-83.45809585993264	-0.00030647166743188927
-82.53221232904629	-0.004025807463600061
-81.60632879815992	-0.008545993231064026
-80.68044526727358	-0.00420149011274156
-79.7545617364538	-0.004600289251550457
-78.82867820556744	-0.002798581790408504
-77.90279467468108	-0.0023439188722334746
-76.9769111438613	0.0011207083600568322
-76.05102761297493	0.003901298763544634
-75.12514408215516	0.005575141195312145
-74.19926055126881	0.004526564512441587
-73.27337702038245	0.004617657572015164
-72.3474934894961	0.0008627792311150992
-71.42160995867631	0.002813548346823595
-70.49572642785652	-0.0021359062237771326
-69.56984289697017	0.0026541043763951356
-68.64395936608382	0.0032236290044225942
-67.71807583519747	-0.0005854034826125048
-66.79219230437768	0.005032055772372018
-65.86630877349133	-0.0002865743735416102
-64.94042524260497	-0.003694775063271166
-64.01454171178518	-0.003368307439734453
-63.08865818089883	-0.006339352645849249
-62.16277465001248	-0.0040057618245333436
-61.2368911191927	0.001104183881295489
-60.31100758830634	0.0005765933287194491
-59.38512405741999	0.0004409053748207545
-58.45924052653363	0.00031563887668162235
-57.53335699571385	0.00108300269138424
-56.60747346489406	0.0016752856760108706
-55.68158993400771	0.00044624668764370003
-54.75570640312135	-0.0009605354166350593
-53.829822872235	0.0008751182202568219
-52.90393934141522	0.001402006455401532
-51.97805581052886	0.0018645781458812992
-51.05217227970908	0.0005602121487783428
-50.12628874882272	-0.0013075726788251447
-49.20040521793636	0.005620022520153086
-48.27452168711658	0.0027178266027952165
-47.34863815623023	0.0005950084261834701
-46.42275462534387	0.0035636168474000923
-45.49687109445752	-0.000296389276472758
-44.57098756363774	-0.0034960410883528347
-43.64510403275138	0.0010116702688420611
-42.71922050193159	0.0009274236521941621
-41.79333697104524	-0.0020770320812143256
-40.86745344015889	-0.001929358074301185
-39.94156990927253	-0.0016681354699842228
-39.01568637845274	-0.002620365411181199
-38.08980284763297	-0.0009180990408099116
-37.16391931674661	0.0030953524982118468
-36.23803578586025	-0.0015686819370336951
-35.3121522549739	0.002290626510535656
-34.38626872415411	-0.0019225633019978518
-33.46038519326775	-0.0004887725175520335
-32.53450166238141	0.0014925477209553405
-31.60861813156162	0.0016129562706064652
-30.68273460067527	0.0030708519884835653
-29.75685106978892	0.004016983731668851
-28.83096753896913	0.006024560357244563
-27.90508400808277	0.002772990722292879
-26.97920047719642	0.003191183683896018
-26.05331694631007	0.0003344780991362097
-25.12743341549028	0.002749092825095654
-24.2015498846705	0.0007049867188565898
-23.27566635378414	0.000727128637501202
-22.34978282289779	0.000852597438111704
-21.42389929201144	-0.0012941180222296668
-20.49801576119165	-0.0026330488864407158
-19.5721322303053	-0.0028258862974392144
-18.64624869948551	-0.001274011398142961
-17.72036516859916	-0.0010888253314697352
-16.7944816377128	0.000993170759662672
-15.86859810689302	0.005249405732336477
-14.94271457600666	0.0020703184436338972
-14.01683104512031	0.0008108177506371339
-13.09094751423395	0.0020162125104284147
-12.16506398341417	0.0008707115800899604
-11.23918045252782	-0.0018589761832960463
-10.31329692170803	-0.0025959619226473577
-9.387413390821676	0.004090423219118218
-8.461529859935322	0.0009172280990829097
-7.535646329048968	0.002046681574328923
-6.609762798229182	0.0007360925019384685
-5.683879267409396	0.0014658697389937714
-4.757995736523042	0.0031362221425770354
-3.832112205636689	0.005770158569770471
-2.906228674750335	0.0017890878776563033
-1.980345143930549	0.003924918923316738
-1.054461613044196	0.012260760563833992
-0.1285780822244095	0.04584392165629029
0.797305448661944	0.10459331105776784
1.723188979515014	0.02334643762534882
2.649072510401367	0.004035410216115519
3.574956041254437	0.004776437687150077
4.500839572140791	-0.0008290711044652563
5.426723102993861	0.0024650926983517357
6.35260663384693	-0.0005852620473167442
7.278490164700001	-0.001475326484388474
8.204373695586353	-0.0023017917557812593
9.130257226439424	-0.0018490490044128587
10.05614075732578	-0.00020498937320107333
10.98202428817885	0.0006020959949362883
11.9079078190652	7.941595708149552e-05
12.83379134988499	0.0013263793703167104
13.75967488073806	-0.00581520490827583
14.68555841162441	-0.002451728021613899
15.61144194247748	-0.0011905811126153142
16.53732547336384	-0.0007935553241978238
17.4632090042169	-0.002579441799279262
18.38909253510326	-0.00302433168077739
19.31497606592304	-0.006404116111609977
20.24085959677612	-0.005378186234694819
21.16674312766247	-0.0036818331929497246
22.09262665851553	0.0009739518707075485
23.01851018940189	0.0024054778133591878
23.94439372025496	0.0013402534920874283
24.87027725114131	0.0037962877639744815
25.7961607819611	0.0032483894861025544
26.72204431284745	0.0017628675155538687
27.64792784370052	0.0037698307094106193
28.57381137458687	-0.0035848120752449584
29.49969490543995	0.0015480480186693475
30.4255784363263	-0.003993280151764254
31.35146196717937	-0.0017114877294635543
32.27734549799916	8.473414265366086e-05
33.20322902888551	0.0008170943216696168
34.12911255973857	-0.002233498335333487
35.05499609062493	-0.002250034971273431
35.980879621478	-0.0015625067290679854
36.90676315236436	0.002352095248365036
37.83264668321743	0.0030476798181078516
38.7585302140705	0.002845655837242693
39.68441374492357	-0.0003056678371482289
40.61029727580992	-0.0006403823479827212
41.53618080666299	0.0005546211618214654
42.46206433751606	-0.001368848450653486
43.38794786840241	-0.0010682823283253604
44.31383139925548	0.000838328385888092
45.23971493010855	0.00013949254906903854
46.16559846096162	-0.0004684809817002791
47.09148199184798	0.004538416650662314
48.01736552270105	-0.0005266056967608973
48.94324905358739	0.002349760833112242
49.86913258444047	-0.0006525749026360395
50.79501611532682	-0.006306204046923522
51.72089964614661	-0.0013604177426679714
52.64678317699968	-0.00019950713278721658
53.57266670788604	0.003893236639800978
54.4985502387391	-0.0034995775678211835
55.42443376962545	-0.0006846408985714582
56.35031730047853	0.003145655504632324
57.27620083136487	0.0023449204988724103
58.20208436218466	0.001785662941231032
59.12796789307102	0.0008933916887903439
60.05385142392409	-0.0008330844013674043
60.97973495481044	0.004483943527840004
61.90561848566351	-0.003045115666505222
62.83150201654986	-0.0029147531273208856
63.75738554740293	0.0033264400024752595
64.68326907822272	0.0029719725799653915
65.60915260910907	0.00035595346223174734
66.53503613996214	-0.002306508493643446
67.4609196708485	0.0002558955694219922
68.38680320170157	-0.00045962549148971385
69.31268673258792	-0.00013296281929632737
70.23857026344099	0.0005400924430843291
71.16445379426077	-0.0038821508472655086
72.09033732514713	0.003363716166736372
73.0162208560002	0.0022334023421721866
73.94210438688656	0.0021084165361241513
74.86798791773963	-0.006340232394325523
75.79387144862596	0.00025746440790535386
76.71975497947905	0.0018548157998990245
77.64563851033212	-0.0024439693612623116
78.57152204118519	0.0030369177815035924
79.49740557207154	-0.0003304139147211061
80.42328910292461	9.484440714584354e-05
81.34917263381095	-0.0005003983958133438
82.27505616466402	-0.0017623334665164791
83.20093969555039	-0.003093751947881313
84.12682322637018	-0.00040964498282565205
85.05270675722325	-0.0029945037142672824
85.9785902881096	-0.002728219285123983
86.90447381896267	0.0007426171616864372
87.83035734984901	0.0030758144832462174
88.75624088070208	0.004170981536637559
89.68212441158845	-0.0002670728210573084
90.60800794240824	-0.0022442397327561785
91.5338914732613	0.0015767896586231516
92.45977500414766	0.002560524210162893
93.38565853500073	-0.002083027221054726
94.31154206588707	-0.0006188557779474939
95.23742559674014	-0.0014788526034332015
96.1633091276265	-0.0016674088404296183
97.0891926584463	0.0017090843681454536
98.01507618933265	0.002338135879374217
98.94095972018572	-0.00011484544966110306
99.86684325107205	-0.0002560507618782729
