-99.74974584555885	-0.000591733720659923
-98.82382631061779	-0.00017241441000084292
-97.89790677567673	0.0012173152158719267
-96.97198724073566	0.0037691111656306406
-96.04606770572802	-0.0008141905520524338
-95.12014817078696	-0.004864173928505043
-94.19422863584589	-0.0023384729550549165
-93.26830910090483	-0.0003354216230297889
-92.34238956596379	-0.00023320392375740146
-91.41647003102271	0.001510426151434515
-90.49055049608165	0.0015775046112182166
-89.56463096107402	5.269746426595714e-05
-88.63871142613294	-0.002153779280749988
-87.71279189119188	0.0019253003848426374
-86.78687235625081	0.0006574824697161101
-85.86095282130975	-0.0009328970174573165
-84.9350332863687	0.0008409979319946057
-84.00911375142762	0.001233263326744159
-83.08319421641998	0.0018842551754636016
-82.15727468147892	0.000826379486825194
-81.23135514653785	0.0014761022695011993
-80.30543561159679	-0.002389470467836119
-79.37951607665573	-0.0051041127165144945
-78.45359654171466	0.0012768715321383234
-77.5276770067736	-0.0008643417132053926
-76.60175747176598	0.002129393556126623
-75.67583793689147	-0.0016061866511933732
-74.74991840188385	0.0012253136735068842
-73.82399886694277	-0.0014073094611003526
-72.89807933200171	0.0011892499536572004
-71.97215979706066	0.00017295792645178693
-71.04624026211958	0.0033162504659556774
-70.12032072711195	0.0014604635808411388
-69.19440119223745	-0.00025054672021957813
-68.26848165722981	0.0003928955714458047
-67.34256212228875	0.0030386864645095377
-66.4166425873477	0.0004758819676438871
-65.49072305240662	0.002596328089521119
-64.56480351746556	0.0005525208388134902
-63.63888398245793	-0.003312773775806733
-62.71296444758344	-0.001646959745667284
-61.7870449125758	0.0010925089379040867
-60.86112537763474	-0.00045153171642034175
-59.93520584269367	-0.002213915699968318
-59.0092863077526	-0.0015841570040675693
-58.08336677281154	0.003941540379954156
-57.15744723780391	0.0021252524607691305
-56.23152770292941	-0.0037609447529503904
-55.30560816792178	-0.0014233852525321422
-54.37968863298072	0.0010268569706961426
-53.45376909803965	-0.0014437320745932893
-52.52784956309858	-0.003960186379728153
-51.60193002809095	-0.0018136799360361922
-50.6760104931499	0.00033976326515483996
-49.75009095827539	0.0009714192325172327
-48.82417142326776	0.0005988339747232222
-47.8982518883267	-0.003684826499554905
-46.97233235338563	-0.0016964861816449067
-46.04641281844457	-0.0001811690628745084
-45.12049328343693	-0.003924729134571453
-44.19457374856243	-0.0008181803880634681
-43.26865421362137	0.0016521031853216983
-42.34273467861374	0.0002733375942563136
-41.41681514367268	-0.00011670115258735748
-40.49089560873161	-0.0002783170465370619
-39.56497607379055	-0.006035054078920523
-38.63905653878291	-0.001045706241065479
-37.71313700390841	0.000939772475700316
-36.78721746896736	-0.0001779819199508648
-35.86129793395972	-0.0006178834193467554
-34.93537839901866	-0.0020032760138150914
-34.00945886407759	-0.0009549836946836189
-33.08353932913653	-0.002213550453280067
-32.1576197941289	0.0003094497190678145
-31.2317002592544	-0.002603127168967694
-30.30578072424677	-0.0018458351087143397
-29.3798611893057	-0.0004869780914998608
-28.45394165436464	0.0005962298913480121
-27.52802211942357	-0.0017020451514984736
-26.60210258448251	-0.00018874721136703776
-25.67618304947488	0.0008517597204145773
-24.75026351460038	-0.00021173834748136426
-23.82434397959274	0.0014464545936173842
-22.89842444465168	0.001927764552383105
-21.97250490971062	-0.0013508824625119364
-21.04658537476955	-0.0020478404423954913
-20.12066583982849	-0.0033987933785952994
-19.19474630488742	-0.0020492252624390887
-18.26882676994636	-0.0026897000852545896
-17.34290723493872	0.0009572881616304415
-16.41698769999766	0.0016650054868882838
-15.4910681650566	-0.0010149121008088066
-14.56514863011553	-0.0016098185927885685
-13.63922909517447	0.003989022019621263
-12.7133095602334	-0.0011099242549070492
-11.78739002529234	-0.004011851407701246
-10.8614704902847	-9.709343008905752e-05
-9.93555095534364	0.0016589856866017743
-9.009631420402577	0.00041977195104351303
-8.083711885461511	-0.0012922586280915758
-7.157792350520446	-0.003643080042131235
-6.231872815579382	0.0001739637175967996
-5.305953280638317	0.0017941986597647959
-4.380033745630685	-0.00024070920695499576
-3.454114210689621	-0.0029939738738902874
-2.528194675748556	-0.001645619332368847
-1.602275140807491	0.001464030426281598
-0.6763556058664263	7.826141073332768e-05
0.249563929107922	-0.0009295903703414164
1.175483464048987	0.0014810410917296445
2.101402999023335	0.001774091805618759
3.027322533931116	0.001002687779998199
3.953242068905464	-0.0010253249764597793
4.879161603846529	-0.0009495504550829112
5.805081138820878	-0.0026674626471989314
6.731000673761942	-0.00441848554413557
7.656920208669724	-0.0035425931372205744
8.582839743644072	0.0020873505822183195
9.508759278585135	0.005132791622853372
10.43467881355948	-0.00124062400664315
11.36059834850055	-0.002787570297598992
12.2865178834749	-0.00013392124134187672
13.21243741841596	0.0026516091708004516
14.13835695332374	-0.003418073052499752
15.06427648829809	-0.002783801902570205
15.99019602323916	-0.001193771370738662
16.9161155582135	0.004606154551667138
17.84203509315457	0.005518161873319475
18.76795462812892	0.0011193566028905922
19.69387416306998	0.0032212947490527673
20.61979369797776	0.001300092320478253
21.54571323295211	-0.0011912646741606833
22.47163276789318	-2.200022619177929e-05
23.39755230286752	-0.0016345583269427636
24.32347183780859	-0.0049181229677413936
25.24939137278294	-0.0029911881399153953
26.175310907724	0.003863962165207499
27.10123044269835	-0.001666596043700455
28.02714997760613	-0.0006339267579669876
28.9530695125472	-0.003124203968919846
29.87898904752154	-0.002337181667886764
30.80490858246261	0.003055796153804526
31.73082811743696	0.0022225455048262783
32.65674765234474	0.00392153239385077
33.58266718731909	0.0009675028295502476
34.50858672226015	0.0009486728205969837
35.43450625720122	-0.0019163416243367594
36.36042579217556	0.0003146155034212669
37.28634532711663	0.0017397402125433495
38.21226486209098	-0.000830981488298267
39.13818439699876	-0.004226543590431308
40.06410393197311	0.00036657991481647644
40.99002346691417	0.0007875150361173558
41.91594300188851	0.0026456977821435954
42.84186253682958	-0.0005726958384325505
43.76778207177065	-0.0009332698169387942
44.69370160674499	0.00034862185529708416
45.61962114165278	-0.0005942548130526149
46.54554067662713	-0.000777233813315652
47.47146021156819	-0.0025243691368197424
48.39737974654254	-0.00371325477489265
49.32329928148361	-0.0025857247188620855
50.24921881642467	0.00016766703994419035
51.17513835139901	-0.0020092134898015363
52.1010578863068	0.000622899700572973
53.02697742128115	-0.0002843973802600012
53.95289695622221	0.0011172512763717962
54.87881649119656	0.0007117516791406348
55.80473602613763	-0.0029691101632812384
56.73065556107869	0.0015976717577784556
57.65657509605303	-0.0014821065490080289
58.58249463096082	-0.00048175907496842167
59.50841416593516	0.0038819301885695354
60.43433370087623	0.0018148872502781028
61.36025323585058	0.00426149811882954
62.28617277079164	0.006470398802896129
63.212092305766	0.004336745311150104
64.13801184067377	0.001803093652263745
65.06393137561484	-0.0037040001650906905
65.98985091058918	-0.00340330013224092
66.91577044553024	0.0029423397594852884
67.8416899805046	6.994551876021398e-05
68.76760951544567	0.0012877031542561158
69.69352905042001	-0.002296371325354745
70.61944858532779	0.0009484480885999024
71.54536812026886	-0.0006074825952076903
72.47128765524322	-0.002817427368105255
73.39720719018428	-0.00032719022142052687
74.32312672515863	-0.00043804514648124215
75.24904626009969	0.0024220338653848593
76.17496579507403	0.0002571228228500326
77.10088532998182	-0.0006981222654134438
78.02680486492287	-0.0030794353907333248
78.95272439989722	0.001141189455562664
79.8786439348383	-0.0046446817178532164
80.80456346981263	-0.005909542902308699
81.73048300475371	0.0007074319108684646
82.65640253972805	-0.0005304612696494446
83.58232207463583	-0.0005415164351901757
84.50824160961018	-0.0016076175770814668
85.43416114455125	-0.0022167386866510483
86.36008067949231	-0.0030004437552266653
87.28600021446667	0.0014160932258639593
88.21191974937445	0.0016594682652930652
89.1378392843488	-0.00036532262826705737
90.06375881928986	-0.0007244934461441676
90.98967835426421	-0.0010995381796659943
91.91559788920527	-0.0010497108201602753
92.84151742414635	-0.0001747153589547462
93.76743695912067	-0.0012628157873771492
94.69335649402845	0.0017131539032447826
95.6192760290028	0.0029354897215833125
96.54519556394386	0.0009996476763107
97.47111509891822	0.00130650377609921
98.39703463385929	0.003247264029621107
99.32295416880035	0.001643674445548643
