-99.12944242808722	-0.0035215712416837215
-98.20356591332751	-0.00044349194312860675
-97.27768939863435	0.005180014922827054
-96.35181288387462	0.002809122588922717
-95.42593636911491	-0.00022025554840730116
-94.50005985435517	-0.0029051866931043913
-93.57418333966201	0.001408796742709301
-92.6483068249023	-0.004867351314260639
-91.72243031020913	0.003512784101888811
-90.79655379538285	0.0005293918485368009
-89.87067728068969	0.0013474186772743247
-88.94480076592998	-0.0005209866143553581
-88.01892425123683	-0.00030558088356378476
-87.09304773647709	0.0018719588030761598
-86.16717122171738	-0.000530258240328207
-85.24129470695765	-0.00353164658575163
-84.31541819226449	0.001304500183730606
-83.38954167750478	-0.00304321951078398
-82.46366516274504	-0.0011128960899122412
-81.53778864805189	-2.469552448514838e-05
-80.61191213329218	0.001053582691887609
-79.68603561853244	0.0011246522047362118
-78.7601591038393	0.0025395829936799928
-77.83428258907958	0.0007881835989555887
-76.90840607431986	0.002748593078071492
-75.9825295596267	-0.002587040008862891
-75.05665304486698	-0.0016715404865861067
-74.13077653010725	-0.0031993432263634144
-73.20490001534753	-0.0003443798833477421
-72.27902350065436	-0.0014769908110748536
-71.35314698589465	0.00289228314545485
-70.4272704712015	-0.004000280523343971
-69.50139395637521	0.0003901589537472107
-68.57551744168205	-0.0013931132088033824
-67.64964092692232	-0.00280873157522717
-66.72376441222917	0.002131319303748184
-65.79788789746945	0.004825758295802562
-64.87201138270973	0.0023139962031756226
-63.94613486795001	-0.001511089911384867
-63.02025835325684	0.001739430909669347
-62.09438183849712	0.0024044673598711632
-61.16850532380397	-0.0025455961846380572
-60.24262880904425	0.003210607385502873
-59.31675229428453	0.004370364066021569
-58.39087577952481	-0.00371143400675812
-57.46499926483165	-0.005318584602055342
-56.53912275007193	-0.0003539369425926792
-55.6132462353122	0.0012075018441700981
-54.68736972055248	-0.0009019206299233111
-53.76149320585932	-0.0024431142758627204
-52.8356166910996	-0.0011546482972383519
-51.90974017633988	0.0009763407309102564
-50.98386366164673	0.003937999872711127
-50.057987146887	-0.000363495069909647
-49.13211063212728	0.001111745627964056
-48.20623411743413	-0.005411445115460401
-47.28035760267441	-0.0014701438347260076
-46.35448108791469	0.0007238869190371552
-45.42860457322153	-0.0018505749049719817
-44.50272805846181	-0.0002737472610088028
-43.57685154370208	0.002170264667282127
-42.65097502894236	0.002229694217328451
-41.7250985142492	0.0032563320730355162
-40.79922199948948	-0.00022645683631621673
-39.87334548479632	0.0011248856348660134
-38.94746896997003	-0.0011404601099879485
-38.02159245527687	-0.005464647298951003
-37.09571594051715	-0.0027504386132553337
-36.169839425824	-0.0012559469427179028
-35.24396291106428	-0.0038026060763869923
-34.31808639637112	-0.0019029363298620275
-33.39220988154484	-0.0011341901107388254
-32.46633336685168	0.00016190757636755894
-31.54045685209196	-0.0024545213162297515
-30.6145803373988	0.00021426173217596896
-29.68870382263908	0.000803291478216445
-28.76282730787936	0.00022039863659345459
-27.83695079311963	0.0007269896553854781
-26.91107427842648	0.0005684565430637199
-25.98519776366675	0.003749896745765375
-25.05932124890703	-0.0020205969266281114
-24.13344473421388	4.381367294016e-05
-23.20756821945416	0.0031123520480344064
-22.28169170469443	-0.00022670287749340464
-21.35581518993471	-0.0007939266527267559
-20.42993867524156	-0.003308939151363604
-19.50406216048183	-0.006383674383303315
-18.57818564578868	-0.0017192002675938127
-17.65230913102895	0.0022330016318090266
-16.72643261626923	0.0013414064060174823
-15.80055610150951	0.0020718061354714494
-14.87467958681635	-0.0012887097429709331
-13.94880307205663	-0.001773294037563574
-13.02292655729691	0.0012727586267240213
-12.09705004253719	0.0021977522650779876
-11.17117352784403	0.00021529001673375558
-10.24529701308431	-0.0030120753455599035
-9.319420498391153	-0.0011485908819586698
-8.393543983631432	-0.0021763429292745036
-7.467667468871707	0.0008085134764864016
-6.541790954111986	0.0005813351973472947
-5.61591443941883	0.0014397416088940522
-4.690037924659108	0.0014526952326656595
-3.764161409965952	0.011493172383949887
-2.838284895139663	0.020215593833531883
-1.912408380446507	0.05243068548194366
-0.9865318656867847	0.10173189904476215
-0.06065535099362947	0.06873346274750375
0.8652211637660931	0.020037992028663278
1.791097678492532	0.0021919802494448242
2.716974193285538	-0.0022700205912671474
3.642850708011977	0.00020784086185088852
4.568727222738415	0.0010609260416559222
5.494603737464855	0.0001755771805162731
6.420480252191293	0.003250548031720685
7.346356766917733	0.0028394445888665957
8.272233281710738	0.00415448580177536
9.198109796437178	0.002681334287482167
10.12398631116362	0.004396587034848707
11.04986282589006	0.0030685161013461236
11.97573934064978	0.0004597093005563736
12.9016158554095	0.0019496508789395974
13.82749237013594	0.005818882180415444
14.75336888486238	0.0017732022973061994
15.67924539958882	0.00012975870618944714
16.60512191434854	0.001136497887208191
17.53099842907498	-0.000637634074613781
18.4568749438347	-0.0007932009075034316
19.38275145856114	0.0017377244080308892
20.30862797332086	-0.0025753098221824823
21.2345044880473	0.0029641565088362382
22.16038100277374	-0.0003990842012226919
23.08625751753346	-0.0033631668011071428
24.0121340322599	0.001027377048688236
24.93801054701963	0.002477329281001336
25.86388706174606	0.002585155796017648
26.7897635764725	0.0006014168027688039
27.71564009119894	0.0040481271266625905
28.64151660599195	0.0013088764815921497
29.56739312071839	0.0005451597051722235
30.49326963544482	-0.002953483044349735
31.41914615017127	-9.729613095964318e-05
32.34502266489771	-0.000692638324972492
33.27089917962414	0.0011760272701905315
34.19677569441715	0.002454043247090873
35.12265220914358	0.005086897877775762
36.04852872387003	0.00140141505024297
36.97440523859647	-0.003001315843584592
37.9002817533229	-0.00298366006982672
38.82615826811591	0.0008865322339914158
39.75203478284234	-0.0028765742072699545
40.67791129756879	-0.002334120126873713
41.60378781229522	-0.006055272092465166
42.52966432705495	0.0007184270604649657
43.45554084178139	0.003449377736462404
44.38141735654111	0.002951353027883188
45.30729387126755	0.0008144581011079804
46.23317038599399	-0.0014237104802557333
47.15904690075371	0.005340764503364323
48.08492341548016	0.005270770120327032
49.01079993023988	-0.003503197586769067
49.93667644496631	-0.0006782245444531129
50.86255295972603	0.001954440337977603
51.78842947445247	0.005089084083092421
52.71430598917891	0.0013507984867847016
53.64018250390535	-0.002944741114900034
54.56605901869835	-0.0036385571550174704
55.49193553342479	-0.005022271222511682
56.41781204815124	-0.0020442155279880095
57.34368856287767	-0.000750824449924112
58.26956507760411	-0.00024986616277112173
59.19544159233055	0.0007371356516027705
60.12131810712356	0.0005042000076741798
61.04719462185	0.0017107667337798059
61.97307113657644	0.0005523545019326131
62.89894765130287	0.0011226687684872138
63.82482416602932	7.610962420177848e-05
64.75070068082232	-0.004214520447755167
65.67657719554876	-0.0026205889073058143
66.6024537102752	0.0002690144120764811
67.52833022500164	0.001889764776494503
68.45420673972808	0.00262712992689068
69.38008325448779	0.004385497354994262
70.30595976924752	-0.00021854852149999016
71.23183628397396	-0.0038509092859734763
72.15771279870039	0.002531464446401508
73.08358931346012	-0.0003833901071774704
74.00946582818655	-0.0004792011395597171
74.93534234294629	0.0002182043959129468
75.86121885767272	-0.002410622674521152
76.78709537239915	-0.0004673773159042498
77.71297188715889	0.0013747960321942355
78.63884840188533	-0.0005252203414067782
79.56472491661175	-0.0007727413318745736
80.49060143137149	-0.002991243047479582
81.4164779461312	-0.00026196695690661805
82.34235446085765	0.001015855843787154
83.26823097558409	0.0010499902431156997
84.19410749031051	0.003507122603556232
85.11998400503697	0.0008315161269386957
86.04586051982996	-0.0018720439056203316
86.97173703455641	-0.00033266502069117165
87.89761354928285	0.0021145674321359177
88.82349006400928	-0.0025911748648941744
89.74936657873572	0.004706871525889746
90.67524309352872	-0.00244281361153988
91.60111960825516	-0.0029784996902025517
92.52699612298161	-0.0020615509990235398
93.45287263770804	0.0005714074811797264
94.37874915243448	0.0021387041231864475
95.30462566719422	0.00042119455888425296
96.23050218195392	-0.00027058455664810975
97.15637869668038	0.002806628076060564
98.0822552114068	-0.001282248122258266
99.00813172613324	-0.0008852522785306058
99.93400824089298	-7.311888349563062e-05
