-99.19594922263344	0.0003164407903966062
-98.27006589996961	0.0006741388226060442
-97.3441825772392	-0.0013207453069733735
-96.41829925457533	-0.004497647175962912
-95.49241593191148	-0.0013993697776777969
-94.56653260924764	0.002199993500590802
-93.64064928651723	0.002171792899293702
-92.71476596385338	0.0021238233083417392
-91.78888264112297	-0.001050029711176275
-90.86299931845913	-0.004859344905275579
-89.93711599579528	0.0009681596946425528
-89.01123267313145	0.0011866827935087562
-88.08534935040103	0.0033692348543035784
-87.15946602773717	0.001945819119775447
-86.23358270507333	-0.0005020353658413195
-85.30769938240948	-0.0045006617351085795
-84.38181605974565	0.0006527117243336731
-83.45593273701523	-0.00039664940851476726
-82.53004941435138	0.0011548943337037101
-81.60416609168755	-0.000738487671577516
-80.67828276902368	0.002129487884868702
-79.75239944629328	0.0021825352657812544
-78.82651612362943	0.001581355709128743
-77.90063280096558	0.006555686449827491
-76.97474947830175	0.0024539567414595016
-76.04886615557133	-0.0021116181220095513
-75.12298283290748	-0.004159220784512337
-74.19709951024365	-0.003107617806161901
-73.2712161875798	-0.0019584406415336622
-72.34533286484938	0.0021376942820525427
-71.41944954218553	0.0005781880862504772
-70.49356621952168	0.002341250263405434
-69.56768289685783	0.0013396499982722772
-68.641799574194	-0.00010638281026662083
-67.71591625146358	-0.0024652904274833735
-66.79003292879973	-0.0021508582610866188
-65.8641496061359	-0.006972813139503518
-64.93826628347205	-0.0015745685901617716
-64.01238296074163	0.003790828182228331
-63.08649963807779	0.0013656613173919302
-62.16061631534738	0.00446885732120756
-61.23473299268353	-0.004182546912574866
-60.30884967001968	0.000871018919383915
-59.38296634735584	0.002285296551730519
-58.45708302462543	-0.0010032004278631213
-57.53119970196158	0.00041717244301823874
-56.60531637929773	8.578452325112065e-05
-55.67943305663388	-0.0010518320101086762
-54.75354973397004	-0.0024572715401081097
-53.82766641123963	-0.001429777988178899
-52.90178308857578	-0.001699594792419552
-51.97589976591193	-0.00041340888587738434
-51.05001644324809	0.0005635619251694688
-50.12413312051768	0.0031994353829300345
-49.19824979785383	8.704139981847693e-05
-48.27236647518998	0.005278225580172077
-47.34648315252614	-0.0015820627580307653
-46.42059982979573	-0.001743706561452575
-45.49471650713188	0.0023478359803211922
-44.56883318446803	0.0052181204565001325
-43.64294986180419	-0.0025176327431931265
-42.71706653907378	0.00287187059319506
-41.79118321640993	0.0022095565215673207
-40.86529989374608	0.004100520963493271
-39.93941657108224	0.0020328017279274825
-39.0135332484184	0.00020848053292746286
-38.08764992568798	-0.004340386972628352
-37.16176660302414	-0.0016668701873226218
-36.23588328036029	0.0005851834645188684
-35.30999995769645	-0.0003847034454547854
-34.38411663496603	-0.0011113313279016463
-33.45823331230219	0.0017368944459310556
-32.53234998957177	0.000864876565924906
-31.60646666690793	0.0028352478048082807
-30.68058334424408	-0.0007958019601256698
-29.75470002158024	0.002175873274698968
-28.82881669884982	0.003256855660858846
-27.90293337618598	-0.0013699564803506645
-26.97705005352213	-0.0009989306361974882
-26.05116673085829	0.003500048919205139
-25.12528340812787	-0.0027777838533833573
-24.19940008546403	0.001039273263387098
-23.27351676280018	0.0027646147651752173
-22.34763344013633	0.0014363444476663118
-21.42175011747249	-0.00018030957170970312
-20.49586679474208	-0.0011397708320603388
-19.56998347207823	0.002838450492687449
-18.64410014941438	0.003263967615505249
-17.71821682675054	0.004844507157981161
-16.79233350402013	0.00014233417203779645
-15.86645018135628	0.001920873161650251
-14.94056685869244	-0.0029506328954359245
-14.01468353602859	0.0013215124740132836
-13.08880021329818	-0.0008123507395616884
-12.16291689063433	-0.0005985390067959959
-11.23703356797049	-0.0029333902376823947
-10.31115024530664	-0.0021412627598532703
-9.385266922576227	0.0015932647031373516
-8.459383599912382	0.005255703053531783
-7.533500277248536	0.010568562841086662
-6.607616954518122	0.03640519428479091
-5.681733631920844	0.02599386729458375
-4.755850309190432	0.015450651493072676
-3.829966986526586	0.014771626237251404
-2.904083663796174	0.011901030640217906
-1.978200341132327	0.014280953592892344
-1.052317018468482	0.010576833785735085
-0.1264336958046361	0.00888850973046467
0.7994496268924932	0.008196639781775795
1.725332949556339	0.002813052159057285
2.651216272253468	0.0018378149681100946
3.577099594917314	0.005899526222865282
4.502982917647727	-0.003159536132898016
5.428866240278289	-0.0016741442038346053
6.354749563008703	-0.0020277701213152295
7.280632885639264	-0.0022327360217086136
8.20651620830311	0.0014173859753365363
9.132399531033522	0.00122769378860949
10.05828285366409	0.0012667653970555037
10.9841661763945	0.0004925688614937897
11.91004949905834	0.0003950623463354912
12.83593282175547	0.00138766414130168
13.76181614441932	0.002314682683141319
14.68769946711645	0.0004350265773492526
15.61358278978029	0.0046140446198842085
16.53946611247742	-0.006061514181113266
17.46534943514127	-0.0005753905836027818
18.3912327578384	-0.002142095089926137
19.31711608050225	0.0026569320749106583
20.24299940319937	0.004922100984955365
21.16888272586322	-0.0003468879649724985
22.09476604856035	0.00029062596243631893
23.0206493712242	0.00042396386869879656
23.94653269388804	-0.002040152758742393
24.87241601658517	-0.002272702024800899
25.79829933924901	-0.0034385316050286985
26.72418266194614	-0.002808288723898129
27.65006598460999	0.001176889866916104
28.57594930730712	-0.0006645320897451033
29.50183262997096	0.0024532396651927545
30.42771595266809	-6.809007124427736e-05
31.35359927533194	0.00020380405763943996
32.27948259802907	-0.0009705320100729513
33.20536592069291	0.0014579282668072376
34.13124924342333	0.003706522054292159
35.05713256605389	0.0037420271649354895
35.9830158887843	0.00416225207955034
36.90889921144814	0.0011259959689272627
37.83478253414528	2.9418715552262376e-05
38.76066585680912	0.0008370509353247232
39.68654917943969	-0.0016536960007245425
40.6124325021701	0.0019337500552846
41.53831582483394	-0.0006593979502003148
42.46419914753107	0.0006401737495535534
43.39008247019492	0.00011926976328237648
44.31596579289205	3.099556344362815e-05
45.24184911555589	-0.0021303324920659565
46.16773243825302	-0.00207083713819236
47.09361576091687	-0.004403540181006333
48.019499083614	-0.005377982475985376
48.94538240627784	0.00026099609370417186
49.87126572897497	-0.0020746733610747786
50.79714905163882	-0.0047608287137122
51.72303237433595	-0.004150506800132875
52.64891569699979	0.0013109466029215318
53.57479901966364	0.0017020567996104637
54.50068234236077	0.00021836019671249885
55.42656566502462	0.0018580943253432528
56.35244898772174	0.003981557862673436
57.27833231038559	0.001627840653646772
58.20421563308272	0.0014121137326980522
59.13009895574657	-0.00043458065452896505
60.05598227844369	-0.0016826790294635237
60.98186560110754	0.0034099433411101253
61.90774892380467	0.0012578224667706582
62.83363224646851	-0.0015014043448222977
63.75951556919892	-0.00110461846621021
64.6853988918295	0.0032737500715823674
65.6112822145599	-0.0010174573992342742
66.53716553722374	-0.0009632281614969217
67.46304885992087	-0.002754268091371588
68.38893218258472	-0.0023698716366354167
69.31481550524856	-0.0009992417949587437
70.2406988279457	-0.004907590092187155
71.16658215060954	-0.003919396560623412
72.09246547330667	-0.0035757697173095767
73.01834879597052	-0.0030773665423089367
73.94423211866764	0.0006338275430119211
74.87011544133149	0.003174338697701099
75.79599876402862	0.00649926468293939
76.72188208669246	0.0034052348837582433
77.64776540938959	-0.002630219669242242
78.57364873205346	0.002718063721824633
79.49953205475057	0.0036864694438502087
80.42541537741442	0.0023746435944483803
81.35129870011156	-0.0024756559963263506
82.27718202277539	-3.88297442609718e-05
83.20306534547252	0.0027224037107340966
84.12894866813636	0.004318067526342942
85.05483199080021	-0.0010901233204378832
85.98071531349734	0.0013067479884186972
86.90659863616119	0.0004431101336881897
87.83248195885832	-0.0005774963193874301
88.75836528152216	-0.0018278688993818013
89.68424860421929	-0.000702753206966128
90.61013192688314	0.0011006971068087759
91.53601524958027	0.004715360362230436
92.46189857224411	-0.0023568031273572343
93.38778189497452	-0.004438331033836015
94.31366521760509	0.00044839100740463574
95.23954854033549	-0.00037087058081444513
96.16543186299936	8.353270425587741e-05
97.09131518569649	-0.0008104685329890446
98.01719850836032	0.00018389843521042108
98.94308183105746	0.00022757848169613207
99.86896515372129	-0.0014304713538899035
