-99.76658587276445	-0.0030553118613448763
-98.84066462983967	-0.001736150376725078
-97.91474338698144	-0.0040449137663095755
-96.98882214412322	-0.00041275839498012835
-96.06290090126498	-0.00015923099848610346
-95.1369796583402	0.0027071013165554307
-94.21105841548197	-0.00350389892734021
-93.28513717262373	0.0029317004214745764
-92.3592159297655	0.0037777311437797788
-91.43329468690727	-1.6265350512295886e-05
-90.50737344398249	-0.0013020480223569888
-89.58145220112426	-0.000683946203577304
-88.65553095826604	0.003982000403136085
-87.7296097154078	0.002762791724224871
-86.80368847254958	0.0026149173152630583
-85.8777672296248	0.002102046360957011
-84.95184598676657	0.0017347176751454218
-84.02592474390832	0.00022294970079933296
-83.1000035010501	-0.0013111794899778677
-82.17408225812531	-0.00236255219595047
-81.24816101526709	-7.249108675040621e-05
-80.32223977240885	0.0006641907971227309
-79.39631852955063	0.0032510500443016727
-78.4703972866924	0.002488282872551518
-77.54447604376762	0.0008206051287696896
-76.61855480090938	0.00047195228898594464
-75.69263355805116	-0.003434480541637604
-74.76671231519293	-0.0013923486288065076
-73.84079107226815	0.0007656923909060261
-72.91486982940991	-0.0010767134899408823
-71.98894858655167	0.00014176735034424214
-71.06302734369345	-0.0010007818374147893
-70.13710610083523	-0.0024884381732618276
-69.21118485791044	-0.003215299148108377
-68.2852636150522	0.0022522673762663966
-67.35934237219398	-0.0005607368327843387
-66.43342112933576	-0.0032868103787750485
-65.50749988647753	0.0013598077639120994
-64.58157864355273	0.0021372782500273108
-63.65565740069451	-0.0005529586365468736
-62.72973615783628	-0.0015174329827955786
-61.80381491497805	-0.00290131524657158
-60.87789367205326	-0.0015787562565953207
-59.95197242919503	0.0027474127875450915
-59.02605118633681	-0.003053519684606089
-58.10012994347858	-0.0035274956143722877
-57.17420870062035	0.0018019326860554197
-56.24828745769556	0.009449372533618302
-55.32236621483733	-0.0019290491256100388
-54.3964449719791	0.0028420742835763417
-53.47052372912088	0.0018561089655157385
-52.54460248619608	-0.004254159246321234
-51.61868124333786	-0.0005241448893315987
-50.69276000047962	-0.0022992128717800537
-49.7668387576214	-0.0026174384727989408
-48.84091751476318	0.001401742657611723
-47.91499627183838	-0.0024240555014157284
-46.98907502898016	-0.0005593493416166165
-46.06315378612192	0.0003895343744060582
-45.1372325432637	-0.0015227014868183374
-44.21131130040548	-0.002121604429628116
-43.28539005748068	-0.005857492329229234
-42.35946881462245	-0.003234663431695326
-41.43354757176422	-0.00016997635396766913
-40.507626328906	0.0020781399161447947
-39.58170508598121	-0.0013989539800345363
-38.65578384312298	-0.0021252277720499226
-37.72986260026475	-0.003601101560313287
-36.80394135740652	-0.004084285816104207
-35.8780201145483	-0.002842821381569916
-34.95209887162351	-0.0014940594697253123
-34.02617762876528	-0.000833161664452959
-33.10025638590705	-0.000797649920503065
-32.17433514304883	-0.0054052665634935085
-31.24841390012403	-0.0018512542899098191
-30.3224926572658	-0.002695376167105195
-29.39657141440757	-0.006600255633300487
-28.47065017154935	-0.004322096497584203
-27.54472892869112	0.0014622970600874732
-26.61880768576633	-0.002586019511109273
-25.6928864429081	-0.000943181132865933
-24.76696520004987	-0.0065516630977416656
-23.84104395719165	-0.0029216610691632614
-22.91512271433342	0.0006302089185747964
-21.98920147147519	-5.60953968960929e-06
-21.06328022861697	-0.00298674321998627
-20.13735898575874	-0.0015771492692126178
-19.21143774283395	-0.00514601520513377
-18.28551649997572	-0.002658468916382482
-17.35959525711749	-0.0029038086624591747
-16.43367401425927	-0.0037773030737319304
-15.50775277133447	-0.006816381151436497
-14.58183152847625	-0.005633102267676261
-13.65591028561802	-0.0001620261654222875
-12.72998904275979	0.005804787041486704
-11.80406779990157	0.0009717268683443428
-10.87814655697677	-0.0044621975404234146
-9.952225314118545	-0.0034574274112582617
-9.026304071260318	-0.0003117243414695448
-8.100382828402092	-0.0016997702992342866
-7.174461585477297	-0.00045194762359716264
-6.248540342619069	-0.0013248790244704952
-5.322619099760844	-0.0009755575826342803
-4.396697856902617	-0.0009207367497361703
-3.470776614044389	-0.0002205903482914709
-2.544855371119596	0.0005271774283168438
-1.618934128261369	-0.003120697984161851
-0.693012885403142	-0.003764801520845838
0.2329083574883685	-0.0032272384877210705
1.158829600346595	0.005725345438358847
2.084750843204822	0.0036998642096726536
3.010672086096332	-0.0029005185923685834
3.936593328954559	-0.004976399757221435
4.86251457184607	-0.004448906445210152
5.788435814704297	-0.003361896187526637
6.714357057595808	-0.0030734568862304397
7.640278300454034	-0.002070596814248791
8.566199543312262	-0.007606184615376565
9.492120786203772	-0.004584899304276307
10.418042029062	-0.008907200266478206
11.34396327195351	0.0005375027416198775
12.26988451481173	-0.00021946040724757157
13.19580575770324	-0.004129300211213724
14.12172700056147	-0.0029605375392794263
15.0476482434197	-0.001646433631313154
15.97356948631121	-0.002067630098051077
16.89949072916944	-0.0037391089210970004
17.82541197206094	-0.004617972452922393
18.75133321491917	-0.00020703341686638684
19.67725445781068	0.0015680450928642331
20.60317570066891	-0.0021548003888049896
21.52909694356042	-0.0024831036978161577
22.45501818641865	-0.003322789040979037
23.38093942927688	0.002998449004028938
24.30686067216839	-0.0013996045113373096
25.23278191502661	-0.0024170849064905236
26.15870315791812	-0.0049084478717111146
27.08462440077635	-0.0027722694681471378
28.01054564366786	-0.0033773461278143245
28.93646688652609	-0.0043071746535960475
29.86238812938431	-0.0019660922192433487
30.78830937227582	-2.6666369374931444e-05
31.71423061513405	0.0042144349805228465
32.64015185802556	0.0010599135440959718
33.56607310088379	0.0015700606641227577
34.4919943437753	-0.0034538826874861233
35.41791558663353	-0.0036078059096876633
36.34383682949175	0.004268001227693467
37.26975807238327	0.0001868285839649681
38.19567931524149	0.0009754756475668586
39.121600558133	0.0005293315360715126
40.04752180099123	0.0025992749961836303
40.97344304388274	-0.00044964559625972766
41.89936428674096	-0.0032077322362891836
42.82528552963248	0.00011949271019700666
43.7512067724907	0.002181236506432906
44.67712801534893	0.000809046044784924
45.60304925824044	0.002752157846751823
46.52897050109866	0.00022365806296468824
47.45489174399018	0.0007184324731869651
48.3808129868484	0.0004993764863144187
49.30673422973992	-0.0034722948596248243
50.23265547259814	-0.0005543268974703193
51.15857671545636	0.004650333669070745
52.08449795834787	0.0001256937654235054
53.0104192012061	-0.0043225260538545685
53.93634044409762	-0.001995871605073645
54.86226168695584	0.001882576924588428
55.78818292984735	-0.002892099022913836
56.71410417270558	0.0010144816235063935
57.64002541559709	-0.0030403304359316865
58.56594665845532	0.0003770701281234414
59.49186790131354	0.0016351402741556398
60.41778914420505	-0.003163221410218877
61.34371038706328	-0.0011660727082515698
62.26963162995479	-0.00041025777406154384
63.19555287281302	-2.690613263557859e-05
64.12147411570453	-0.0025780416798280932
65.04739535856275	-0.0027222726823611897
65.97331660142099	-0.0029721317778246053
66.8992378443125	-0.002067170974675751
67.82515908717072	0.002091577347760295
68.75108033006224	0.004102046439290821
69.67700157292046	0.0012996871788554304
70.60292281581197	-0.0007681079254739124
71.52884405867019	0.0020302992635070818
72.45476530152841	-0.004500067487864944
73.38068654441993	0.0004468972158789792
74.30660778727817	-0.0019904336006598185
75.23252903016967	0.0008898527162523164
76.1584502730279	-0.0013790495505186266
77.08437151591941	-0.0016122804889742851
78.01029275877764	0.0004661604420160021
78.93621400166914	0.004804302412715272
79.86213524452737	0.000999282222518878
80.78805648738559	0.0027757262999545365
81.71397773027711	-0.0013830032973177256
82.63989897313533	-0.0009483338825055041
83.56582021602684	0.003822115860315923
84.49174145888506	-0.0008505741237963887
85.41766270177659	0.001534564739346983
86.34358394463482	-0.0032615423469322226
87.26950518749304	0.0005829604498200935
88.19542643038454	0.0007832775911903497
89.12134767324277	0.00178226516789733
90.04726891613429	-0.0007426661002078552
90.97319015899251	0.0017269101358582373
91.89911140188401	0.004586660854211413
92.82503264474224	0.000587775662099796
93.75095388760046	0.0011574747959038727
94.676875130492	1.6779121136449582e-05
95.60279637335022	-0.0033762698675573067
96.52871761624172	-0.0016596230463999102
97.45463885909994	-0.0027331156624815084
98.38056010199146	0.000663808066240073
99.30648134484969	-0.0007688310490606574
