%%    131.430    46.670    0     0.125  -100.000   100.000
% HI4PI gauss data -------------
%   l, b, RA, DEC, beam interpolated N_HI, N_H2_dark, N_H2_tot  
% 131.430 ;  46.670 ; 176.156 ;  69.340 ;  0.128E+21 ;  0.148E+19 ;  0.148E+19
% nearest HEALPix pixel: l, b, RA, DEC, N_HI, N_H2_dark, N_H2_tot
% 131.452 ;  46.670 ; 176.116 ;  69.335 ;  0.129E+21 ;   0.00     ;  0.663E+12
% GASS III survey --------------
% NH - median within 6 arcmin radius   0.00    
% NH - mean within specified beam      0.00    
% EBHIS survey -----------------
% NH  within specified beam           0.129E+21
%%EBHIS   160  datapoints: v_lsr [km/s] and T_B [K]
     -99.09     0.048
     -97.80     0.025
     -96.52     0.054
     -95.23     0.085
     -93.94     0.128
     -92.65     0.167
     -91.36     0.110
     -90.08     0.108
     -88.79     0.143
     -87.50     0.205
     -86.21     0.225
     -84.92     0.118
     -83.63     0.269
     -82.35     0.250
     -81.06     0.294
     -79.77     0.208
     -78.48     0.346
     -77.19     0.283
     -75.90     0.230
     -74.62     0.200
     -73.33     0.224
     -72.04     0.249
     -70.75     0.118
     -69.46     0.240
     -68.18     0.298
     -66.89     0.231
     -65.60     0.239
     -64.31     0.228
     -63.02     0.203
     -61.73     0.240
     -60.45     0.208
     -59.16     0.322
     -57.87     0.373
     -56.58     0.326
     -55.29     0.292
     -54.00     0.278
     -52.72     0.250
     -51.43     0.286
     -50.14     0.358
     -48.85     0.225
     -47.56     0.224
     -46.28     0.401
     -44.99     0.458
     -43.70     0.345
     -42.41     0.244
     -41.12     0.350
     -39.83     0.300
     -38.55     0.248
     -37.26     0.384
     -35.97     0.480
     -34.68     0.282
     -33.39     0.267
     -32.10     0.228
     -30.82     0.279
     -29.53     0.366
     -28.24     0.380
     -26.95     0.195
     -25.66     0.140
     -24.38     0.197
     -23.09     0.250
     -21.80     0.280
     -20.51     0.354
     -19.22     0.410
     -17.93     0.644
     -16.65     0.561
     -15.36     0.629
     -14.07     0.685
     -12.78     0.801
     -11.49     0.909
     -10.20     1.040
      -8.92     1.095
      -7.63     1.316
      -6.34     1.393
      -5.05     1.710
      -3.76     1.914
      -2.48     1.951
      -1.19     1.868
       0.10     1.743
       1.39     1.686
       2.68     1.572
       3.97     1.585
       5.25     1.409
       6.54     1.498
       7.83     1.201
       9.12     1.174
      10.41     1.141
      11.70     0.886
      12.98     0.734
      14.27     0.496
      15.56     0.574
      16.85     0.407
      18.14     0.357
      19.42     0.344
      20.71     0.332
      22.00     0.417
      23.29     0.303
      24.58     0.249
      25.87     0.203
      27.15     0.174
      28.44     0.234
      29.73     0.251
      31.02     0.121
      32.31     0.163
      33.60     0.204
      34.88     0.221
      36.17     0.121
      37.46     0.164
      38.75     0.099
      40.04     0.134
      41.32     0.126
      42.61     0.203
      43.90     0.125
      45.19     0.119
      46.48     0.009
      47.77     0.081
      49.05     0.158
      50.34     0.246
      51.63    -0.023
      52.92     0.073
      54.21     0.164
      55.50     0.133
      56.78     0.119
      58.07     0.137
      59.36     0.119
      60.65     0.095
      61.94     0.125
      63.22     0.035
      64.51     0.047
      65.80     0.070
      67.09    -0.045
      68.38     0.012
      69.67     0.094
      70.95     0.047
      72.24    -0.029
      73.53     0.027
      74.82     0.011
      76.11    -0.086
      77.40     0.003
      78.68     0.026
      79.97    -0.027
      81.26     0.046
      82.55     0.091
      83.84    -0.093
      85.12     0.056
      86.41    -0.017
      87.70    -0.048
      88.99     0.107
      90.28     0.079
      91.57     0.022
      92.85    -0.006
      94.14    -0.067
      95.43    -0.082
      96.72     0.028
      98.01     0.123
      99.30     0.083
%%GASS      0  datapoints: v_lsr [km/s] and T_B [K]
%%gauss   201  datapoints: v_lsr [km/s] and T_B [K]
    -100.00     0.079
     -99.00     0.083
     -98.00     0.087
     -97.00     0.091
     -96.00     0.096
     -95.00     0.100
     -94.00     0.105
     -93.00     0.110
     -92.00     0.115
     -91.00     0.120
     -90.00     0.125
     -89.00     0.131
     -88.00     0.136
     -87.00     0.142
     -86.00     0.147
     -85.00     0.153
     -84.00     0.159
     -83.00     0.165
     -82.00     0.170
     -81.00     0.176
     -80.00     0.182
     -79.00     0.187
     -78.00     0.193
     -77.00     0.198
     -76.00     0.203
     -75.00     0.208
     -74.00     0.213
     -73.00     0.218
     -72.00     0.223
     -71.00     0.227
     -70.00     0.232
     -69.00     0.236
     -68.00     0.240
     -67.00     0.244
     -66.00     0.248
     -65.00     0.252
     -64.00     0.256
     -63.00     0.259
     -62.00     0.262
     -61.00     0.266
     -60.00     0.269
     -59.00     0.272
     -58.00     0.274
     -57.00     0.277
     -56.00     0.279
     -55.00     0.282
     -54.00     0.284
     -53.00     0.286
     -52.00     0.288
     -51.00     0.289
     -50.00     0.291
     -49.00     0.293
     -48.00     0.294
     -47.00     0.295
     -46.00     0.296
     -45.00     0.298
     -44.00     0.299
     -43.00     0.299
     -42.00     0.300
     -41.00     0.301
     -40.00     0.302
     -39.00     0.302
     -38.00     0.303
     -37.00     0.304
     -36.00     0.304
     -35.00     0.305
     -34.00     0.306
     -33.00     0.307
     -32.00     0.307
     -31.00     0.309
     -30.00     0.310
     -29.00     0.312
     -28.00     0.315
     -27.00     0.319
     -26.00     0.324
     -25.00     0.331
     -24.00     0.340
     -23.00     0.352
     -22.00     0.367
     -21.00     0.386
     -20.00     0.411
     -19.00     0.441
     -18.00     0.478
     -17.00     0.523
     -16.00     0.575
     -15.00     0.636
     -14.00     0.705
     -13.00     0.783
     -12.00     0.868
     -11.00     0.960
     -10.00     1.058
      -9.00     1.159
      -8.00     1.264
      -7.00     1.376
      -6.00     1.503
      -5.00     1.639
      -4.00     1.756
      -3.00     1.816
      -2.00     1.816
      -1.00     1.792
       0.00     1.772
       1.00     1.750
       2.00     1.718
       3.00     1.669
       4.00     1.605
       5.00     1.527
       6.00     1.437
       7.00     1.340
       8.00     1.237
       9.00     1.131
      10.00     1.027
      11.00     0.925
      12.00     0.828
      13.00     0.738
      14.00     0.655
      15.00     0.581
      16.00     0.515
      17.00     0.458
      18.00     0.408
      19.00     0.366
      20.00     0.331
      21.00     0.302
      22.00     0.278
      23.00     0.258
      24.00     0.242
      25.00     0.228
      26.00     0.217
      27.00     0.208
      28.00     0.200
      29.00     0.193
      30.00     0.187
      31.00     0.181
      32.00     0.176
      33.00     0.171
      34.00     0.167
      35.00     0.162
      36.00     0.158
      37.00     0.154
      38.00     0.149
      39.00     0.145
      40.00     0.141
      41.00     0.137
      42.00     0.133
      43.00     0.129
      44.00     0.125
      45.00     0.121
      46.00     0.118
      47.00     0.114
      48.00     0.110
      49.00     0.107
      50.00     0.103
      51.00     0.100
      52.00     0.096
      53.00     0.093
      54.00     0.090
      55.00     0.086
      56.00     0.083
      57.00     0.080
      58.00     0.077
      59.00     0.074
      60.00     0.071
      61.00     0.069
      62.00     0.066
      63.00     0.063
      64.00     0.061
      65.00     0.058
      66.00     0.056
      67.00     0.053
      68.00     0.051
      69.00     0.049
      70.00     0.047
      71.00     0.045
      72.00     0.043
      73.00     0.041
      74.00     0.039
      75.00     0.037
      76.00     0.035
      77.00     0.034
      78.00     0.032
      79.00     0.031
      80.00     0.029
      81.00     0.028
      82.00     0.026
      83.00     0.025
      84.00     0.024
      85.00     0.023
      86.00     0.021
      87.00     0.020
      88.00     0.019
      89.00     0.018
      90.00     0.017
      91.00     0.016
      92.00     0.016
      93.00     0.015
      94.00     0.014
      95.00     0.013
      96.00     0.012
      97.00     0.012
      98.00     0.011
      99.00     0.010
     100.00     0.010
%% HI4PI Gaussians - height, velocity, width (sigma) 
%      1.536    -0.378     8.653
%      0.264     1.106    37.321
%      0.249   -63.177    21.644
%      0.360  -151.197    10.262
%% Gaussians are derived from EBHIS                  
