%%    134.570    34.000    0     0.125  -100.000   100.000
% HI4PI gauss data -------------
%   l, b, RA, DEC, beam interpolated N_HI, N_H2_dark, N_H2_tot  
% 134.570 ;  34.000 ; 140.163 ;  77.863 ;  0.164E+21 ;  0.385E+19 ;  0.385E+19
% nearest HEALPix pixel: l, b, RA, DEC, N_HI, N_H2_dark, N_H2_tot
% 134.561 ;  34.004 ; 140.197 ;  77.868 ;  0.166E+21 ;  0.462E+19 ;  0.462E+19
% GASS III survey --------------
% NH - median within 6 arcmin radius   0.00    
% NH - mean within specified beam      0.00    
% EBHIS survey -----------------
% NH  within specified beam           0.161E+21
%%EBHIS   160  datapoints: v_lsr [km/s] and T_B [K]
     -99.09     0.052
     -97.80    -0.010
     -96.52     0.017
     -95.23     0.046
     -93.94     0.000
     -92.65    -0.107
     -91.36    -0.116
     -90.08    -0.032
     -88.79    -0.031
     -87.50    -0.077
     -86.21    -0.017
     -84.92     0.102
     -83.63     0.067
     -82.35     0.069
     -81.06    -0.018
     -79.77    -0.039
     -78.48     0.085
     -77.19     0.053
     -75.90     0.028
     -74.62     0.161
     -73.33     0.108
     -72.04     0.112
     -70.75     0.149
     -69.46     0.279
     -68.18     0.149
     -66.89     0.146
     -65.60     0.228
     -64.31     0.170
     -63.02     0.132
     -61.73     0.375
     -60.45     0.405
     -59.16     0.382
     -57.87     0.431
     -56.58     0.314
     -55.29     0.330
     -54.00     0.445
     -52.72     0.497
     -51.43     0.517
     -50.14     0.603
     -48.85     0.553
     -47.56     0.582
     -46.28     0.494
     -44.99     0.467
     -43.70     0.542
     -42.41     0.473
     -41.12     0.531
     -39.83     0.401
     -38.55     0.582
     -37.26     0.696
     -35.97     0.694
     -34.68     0.638
     -33.39     0.723
     -32.10     0.688
     -30.82     0.724
     -29.53     0.750
     -28.24     0.779
     -26.95     0.778
     -25.66     0.968
     -24.38     1.006
     -23.09     0.969
     -21.80     1.217
     -20.51     1.476
     -19.22     1.360
     -17.93     1.328
     -16.65     1.352
     -15.36     1.380
     -14.07     1.515
     -12.78     1.483
     -11.49     1.380
     -10.20     1.411
      -8.92     1.560
      -7.63     1.665
      -6.34     1.732
      -5.05     1.800
      -3.76     1.935
      -2.48     1.916
      -1.19     1.997
       0.10     2.040
       1.39     1.969
       2.68     1.901
       3.97     1.905
       5.25     1.788
       6.54     1.509
       7.83     1.419
       9.12     1.502
      10.41     1.422
      11.70     1.220
      12.98     1.345
      14.27     1.340
      15.56     1.091
      16.85     0.685
      18.14     0.486
      19.42     0.373
      20.71     0.256
      22.00     0.111
      23.29     0.221
      24.58     0.138
      25.87     0.079
      27.15     0.125
      28.44    -0.007
      29.73    -0.059
      31.02     0.029
      32.31     0.099
      33.60     0.024
      34.88     0.110
      36.17     0.033
      37.46    -0.002
      38.75     0.077
      40.04    -0.025
      41.32    -0.025
      42.61     0.022
      43.90     0.011
      45.19     0.013
      46.48    -0.033
      47.77    -0.033
      49.05    -0.098
      50.34    -0.107
      51.63    -0.157
      52.92    -0.016
      54.21     0.024
      55.50    -0.043
      56.78    -0.073
      58.07     0.068
      59.36     0.015
      60.65     0.034
      61.94    -0.035
      63.22    -0.048
      64.51     0.046
      65.80    -0.039
      67.09    -0.124
      68.38     0.002
      69.67    -0.132
      70.95    -0.096
      72.24    -0.015
      73.53     0.030
      74.82     0.063
      76.11    -0.050
      77.40    -0.103
      78.68     0.003
      79.97    -0.029
      81.26    -0.020
      82.55    -0.015
      83.84    -0.053
      85.12    -0.028
      86.41    -0.044
      87.70    -0.001
      88.99     0.005
      90.28     0.057
      91.57    -0.026
      92.85     0.002
      94.14    -0.019
      95.43    -0.035
      96.72    -0.012
      98.01    -0.180
      99.30    -0.073
%%GASS      0  datapoints: v_lsr [km/s] and T_B [K]
%%gauss   201  datapoints: v_lsr [km/s] and T_B [K]
    -100.00     0.003
     -99.00     0.004
     -98.00     0.005
     -97.00     0.006
     -96.00     0.006
     -95.00     0.007
     -94.00     0.009
     -93.00     0.010
     -92.00     0.012
     -91.00     0.013
     -90.00     0.015
     -89.00     0.018
     -88.00     0.020
     -87.00     0.023
     -86.00     0.026
     -85.00     0.030
     -84.00     0.034
     -83.00     0.038
     -82.00     0.043
     -81.00     0.049
     -80.00     0.055
     -79.00     0.061
     -78.00     0.068
     -77.00     0.076
     -76.00     0.085
     -75.00     0.094
     -74.00     0.104
     -73.00     0.114
     -72.00     0.126
     -71.00     0.138
     -70.00     0.151
     -69.00     0.164
     -68.00     0.178
     -67.00     0.193
     -66.00     0.209
     -65.00     0.225
     -64.00     0.242
     -63.00     0.259
     -62.00     0.277
     -61.00     0.295
     -60.00     0.313
     -59.00     0.332
     -58.00     0.351
     -57.00     0.369
     -56.00     0.388
     -55.00     0.406
     -54.00     0.424
     -53.00     0.442
     -52.00     0.459
     -51.00     0.476
     -50.00     0.492
     -49.00     0.507
     -48.00     0.521
     -47.00     0.535
     -46.00     0.547
     -45.00     0.558
     -44.00     0.569
     -43.00     0.578
     -42.00     0.586
     -41.00     0.593
     -40.00     0.600
     -39.00     0.605
     -38.00     0.610
     -37.00     0.615
     -36.00     0.621
     -35.00     0.627
     -34.00     0.635
     -33.00     0.646
     -32.00     0.661
     -31.00     0.682
     -30.00     0.710
     -29.00     0.745
     -28.00     0.790
     -27.00     0.844
     -26.00     0.906
     -25.00     0.975
     -24.00     1.049
     -23.00     1.123
     -22.00     1.193
     -21.00     1.257
     -20.00     1.310
     -19.00     1.351
     -18.00     1.379
     -17.00     1.396
     -16.00     1.404
     -15.00     1.408
     -14.00     1.413
     -13.00     1.422
     -12.00     1.440
     -11.00     1.468
     -10.00     1.508
      -9.00     1.558
      -8.00     1.616
      -7.00     1.681
      -6.00     1.747
      -5.00     1.813
      -4.00     1.873
      -3.00     1.925
      -2.00     1.966
      -1.00     1.992
       0.00     2.002
       1.00     1.993
       2.00     1.966
       3.00     1.919
       4.00     1.855
       5.00     1.776
       6.00     1.685
       7.00     1.586
       8.00     1.488
       9.00     1.398
      10.00     1.328
      11.00     1.294
      12.00     1.307
      13.00     1.348
      14.00     1.339
      15.00     1.196
      16.00     0.948
      17.00     0.704
      18.00     0.521
      19.00     0.397
      20.00     0.311
      21.00     0.249
      22.00     0.201
      23.00     0.163
      24.00     0.132
      25.00     0.106
      26.00     0.085
      27.00     0.068
      28.00     0.054
      29.00     0.043
      30.00     0.034
      31.00     0.027
      32.00     0.021
      33.00     0.017
      34.00     0.013
      35.00     0.010
      36.00     0.008
      37.00     0.007
      38.00     0.005
      39.00     0.004
      40.00     0.003
      41.00     0.003
      42.00     0.002
      43.00     0.002
      44.00     0.002
      45.00     0.001
      46.00     0.001
      47.00     0.001
      48.00     0.001
      49.00     0.001
      50.00     0.001
      51.00     0.000
      52.00     0.000
      53.00     0.000
      54.00     0.000
      55.00     0.000
      56.00     0.000
      57.00     0.000
      58.00     0.000
      59.00     0.000
      60.00     0.000
      61.00     0.000
      62.00     0.000
      63.00     0.000
      64.00     0.000
      65.00     0.000
      66.00     0.000
      67.00     0.000
      68.00     0.000
      69.00     0.000
      70.00     0.000
      71.00     0.000
      72.00     0.000
      73.00     0.000
      74.00     0.000
      75.00     0.000
      76.00     0.000
      77.00     0.000
      78.00     0.000
      79.00     0.000
      80.00     0.000
      81.00     0.000
      82.00     0.000
      83.00     0.000
      84.00     0.000
      85.00     0.000
      86.00     0.000
      87.00     0.000
      88.00     0.000
      89.00     0.000
      90.00     0.000
      91.00     0.000
      92.00     0.000
      93.00     0.000
      94.00     0.000
      95.00     0.000
      96.00     0.000
      97.00     0.000
      98.00     0.000
      99.00     0.000
     100.00     0.000
%% HI4PI Gaussians - height, velocity, width (sigma) 
%      1.911     0.722    10.265
%      0.629   -37.395    18.681
%      0.723   -19.423     5.464
%      0.548    14.408     1.792
%% Gaussians are derived from EBHIS                  
