%%    137.160    43.000    0     0.125  -100.000   100.000
% HI4PI gauss data -------------
%   l, b, RA, DEC, beam interpolated N_HI, N_H2_dark, N_H2_tot  
% 137.160 ;  43.000 ; 160.502 ;  70.375 ;  0.273E+21 ;  0.121E+21 ;  0.121E+21
% nearest HEALPix pixel: l, b, RA, DEC, N_HI, N_H2_dark, N_H2_tot
% 137.158 ;  42.959 ; 160.426 ;  70.407 ;  0.274E+21 ;  0.109E+21 ;  0.109E+21
% GASS III survey --------------
% NH - median within 6 arcmin radius   0.00    
% NH - mean within specified beam      0.00    
% EBHIS survey -----------------
% NH  within specified beam           0.273E+21
%%EBHIS   160  datapoints: v_lsr [km/s] and T_B [K]
     -99.09     0.028
     -97.80     0.021
     -96.52     0.069
     -95.23     0.089
     -93.94    -0.109
     -92.65    -0.005
     -91.36     0.051
     -90.08     0.079
     -88.79    -0.045
     -87.50    -0.022
     -86.21    -0.052
     -84.92    -0.043
     -83.63     0.085
     -82.35     0.022
     -81.06    -0.077
     -79.77    -0.020
     -78.48     0.062
     -77.19     0.087
     -75.90    -0.049
     -74.62     0.050
     -73.33     0.045
     -72.04     0.078
     -70.75     0.105
     -69.46     0.225
     -68.18    -0.019
     -66.89     0.136
     -65.60     0.134
     -64.31     0.081
     -63.02     0.053
     -61.73     0.143
     -60.45     0.374
     -59.16     0.502
     -57.87     0.516
     -56.58     0.533
     -55.29     0.692
     -54.00     0.735
     -52.72     0.951
     -51.43     0.981
     -50.14     1.129
     -48.85     1.394
     -47.56     1.529
     -46.28     1.511
     -44.99     1.322
     -43.70     1.181
     -42.41     1.041
     -41.12     1.072
     -39.83     0.876
     -38.55     0.714
     -37.26     0.696
     -35.97     0.627
     -34.68     0.549
     -33.39     0.389
     -32.10     0.406
     -30.82     0.509
     -29.53     0.439
     -28.24     0.407
     -26.95     0.473
     -25.66     0.530
     -24.38     0.576
     -23.09     0.650
     -21.80     0.699
     -20.51     0.587
     -19.22     0.704
     -17.93     0.831
     -16.65     0.918
     -15.36     0.951
     -14.07     0.903
     -12.78     1.122
     -11.49     1.255
     -10.20     1.408
      -8.92     1.584
      -7.63     1.815
      -6.34     2.174
      -5.05     2.514
      -3.76     2.600
      -2.48     2.357
      -1.19     2.082
       0.10     2.166
       1.39     2.748
       2.68     3.558
       3.97     4.465
       5.25     6.405
       6.54     9.814
       7.83    13.413
       9.12    11.072
      10.41     4.982
      11.70     1.783
      12.98     1.331
      14.27     1.007
      15.56     0.729
      16.85     0.666
      18.14     0.655
      19.42     0.450
      20.71     0.467
      22.00     0.362
      23.29     0.244
      24.58     0.136
      25.87     0.174
      27.15     0.123
      28.44     0.012
      29.73     0.035
      31.02     0.060
      32.31    -0.079
      33.60    -0.112
      34.88    -0.052
      36.17    -0.097
      37.46    -0.026
      38.75    -0.005
      40.04     0.038
      41.32     0.026
      42.61    -0.072
      43.90    -0.023
      45.19     0.057
      46.48     0.041
      47.77     0.020
      49.05     0.041
      50.34     0.051
      51.63    -0.041
      52.92    -0.096
      54.21    -0.042
      55.50    -0.066
      56.78    -0.047
      58.07    -0.021
      59.36     0.061
      60.65     0.096
      61.94     0.000
      63.22     0.046
      64.51    -0.028
      65.80     0.025
      67.09     0.020
      68.38     0.109
      69.67     0.070
      70.95     0.121
      72.24     0.004
      73.53     0.073
      74.82     0.103
      76.11    -0.105
      77.40     0.015
      78.68     0.054
      79.97    -0.014
      81.26     0.001
      82.55     0.062
      83.84     0.121
      85.12     0.049
      86.41     0.054
      87.70     0.032
      88.99     0.101
      90.28     0.030
      91.57     0.055
      92.85     0.028
      94.14     0.042
      95.43     0.003
      96.72    -0.122
      98.01    -0.106
      99.30     0.023
%%GASS      0  datapoints: v_lsr [km/s] and T_B [K]
%%gauss   201  datapoints: v_lsr [km/s] and T_B [K]
    -100.00     0.048
     -99.00     0.041
     -98.00     0.034
     -97.00     0.028
     -96.00     0.023
     -95.00     0.019
     -94.00     0.016
     -93.00     0.014
     -92.00     0.011
     -91.00     0.010
     -90.00     0.009
     -89.00     0.008
     -88.00     0.008
     -87.00     0.007
     -86.00     0.008
     -85.00     0.008
     -84.00     0.009
     -83.00     0.010
     -82.00     0.011
     -81.00     0.013
     -80.00     0.014
     -79.00     0.017
     -78.00     0.019
     -77.00     0.022
     -76.00     0.026
     -75.00     0.030
     -74.00     0.035
     -73.00     0.041
     -72.00     0.048
     -71.00     0.056
     -70.00     0.065
     -69.00     0.076
     -68.00     0.089
     -67.00     0.104
     -66.00     0.121
     -65.00     0.142
     -64.00     0.167
     -63.00     0.196
     -62.00     0.230
     -61.00     0.270
     -60.00     0.316
     -59.00     0.370
     -58.00     0.433
     -57.00     0.504
     -56.00     0.586
     -55.00     0.678
     -54.00     0.781
     -53.00     0.893
     -52.00     1.010
     -51.00     1.128
     -50.00     1.239
     -49.00     1.331
     -48.00     1.394
     -47.00     1.420
     -46.00     1.407
     -45.00     1.358
     -44.00     1.282
     -43.00     1.188
     -42.00     1.087
     -41.00     0.986
     -40.00     0.891
     -39.00     0.803
     -38.00     0.725
     -37.00     0.657
     -36.00     0.598
     -35.00     0.548
     -34.00     0.508
     -33.00     0.477
     -32.00     0.455
     -31.00     0.442
     -30.00     0.438
     -29.00     0.443
     -28.00     0.455
     -27.00     0.473
     -26.00     0.496
     -25.00     0.521
     -24.00     0.549
     -23.00     0.577
     -22.00     0.608
     -21.00     0.641
     -20.00     0.678
     -19.00     0.721
     -18.00     0.771
     -17.00     0.828
     -16.00     0.894
     -15.00     0.967
     -14.00     1.048
     -13.00     1.134
     -12.00     1.225
     -11.00     1.319
     -10.00     1.419
      -9.00     1.537
      -8.00     1.704
      -7.00     1.961
      -6.00     2.288
      -5.00     2.549
      -4.00     2.593
      -3.00     2.437
      -2.00     2.245
      -1.00     2.156
       0.00     2.221
       1.00     2.479
       2.00     2.981
       3.00     3.735
       4.00     4.677
       5.00     5.899
       6.00     8.053
       7.00    11.411
       8.00    13.574
       9.00    11.515
      10.00     6.753
      11.00     3.128
      12.00     1.615
      13.00     1.153
      14.00     0.976
      15.00     0.862
      16.00     0.764
      17.00     0.676
      18.00     0.593
      19.00     0.517
      20.00     0.448
      21.00     0.385
      22.00     0.329
      23.00     0.278
      24.00     0.234
      25.00     0.196
      26.00     0.162
      27.00     0.134
      28.00     0.109
      29.00     0.089
      30.00     0.072
      31.00     0.058
      32.00     0.046
      33.00     0.036
      34.00     0.028
      35.00     0.022
      36.00     0.017
      37.00     0.013
      38.00     0.010
      39.00     0.008
      40.00     0.006
      41.00     0.004
      42.00     0.003
      43.00     0.003
      44.00     0.002
      45.00     0.001
      46.00     0.001
      47.00     0.001
      48.00     0.001
      49.00     0.000
      50.00     0.000
      51.00     0.000
      52.00     0.000
      53.00     0.000
      54.00     0.000
      55.00     0.000
      56.00     0.000
      57.00     0.000
      58.00     0.000
      59.00     0.000
      60.00     0.000
      61.00     0.000
      62.00     0.000
      63.00     0.000
      64.00     0.000
      65.00     0.000
      66.00     0.000
      67.00     0.000
      68.00     0.000
      69.00     0.000
      70.00     0.000
      71.00     0.000
      72.00     0.000
      73.00     0.000
      74.00     0.000
      75.00     0.000
      76.00     0.000
      77.00     0.000
      78.00     0.000
      79.00     0.000
      80.00     0.000
      81.00     0.000
      82.00     0.000
      83.00     0.000
      84.00     0.000
      85.00     0.000
      86.00     0.000
      87.00     0.000
      88.00     0.000
      89.00     0.000
      90.00     0.000
      91.00     0.000
      92.00     0.000
      93.00     0.000
      94.00     0.000
      95.00     0.000
      96.00     0.000
      97.00     0.000
      98.00     0.000
      99.00     0.000
     100.00     0.000
%% HI4PI Gaussians - height, velocity, width (sigma) 
%      1.803     1.097    11.349
%      8.710     8.094     1.347
%      4.025     5.938     2.574
%      0.424   -29.760    21.300
%      1.156   -47.325     5.723
%      0.293  -119.170    11.368
%      0.787    -4.380     1.887
%% Gaussians are derived from EBHIS                  
