%%    157.350    22.000    0     0.125  -100.000   100.000
% HI4PI gauss data -------------
%   l, b, RA, DEC, beam interpolated N_HI, N_H2_dark, N_H2_tot  
% 157.350 ;  22.000 ; 101.179 ;  58.379 ;  0.578E+21 ;  0.214E+21 ;  0.214E+21
% nearest HEALPix pixel: l, b, RA, DEC, N_HI, N_H2_dark, N_H2_tot
% 157.324 ;  21.984 ; 101.137 ;  58.398 ;  0.581E+21 ;  0.308E+21 ;  0.308E+21
% GASS III survey --------------
% NH - median within 6 arcmin radius   0.00    
% NH - mean within specified beam      0.00    
% EBHIS survey -----------------
% NH  within specified beam           0.582E+21
%%EBHIS   160  datapoints: v_lsr [km/s] and T_B [K]
     -99.09     0.016
     -97.80     0.113
     -96.52     0.039
     -95.23     0.084
     -93.94    -0.031
     -92.65    -0.016
     -91.36    -0.077
     -90.08    -0.105
     -88.79     0.119
     -87.50     0.124
     -86.21     0.032
     -84.92    -0.005
     -83.63     0.069
     -82.35     0.028
     -81.06     0.069
     -79.77    -0.014
     -78.48    -0.020
     -77.19     0.220
     -75.90     0.161
     -74.62     0.098
     -73.33     0.199
     -72.04     0.339
     -70.75     0.341
     -69.46     0.225
     -68.18     0.237
     -66.89     0.508
     -65.60     0.518
     -64.31     0.488
     -63.02     0.616
     -61.73     0.706
     -60.45     0.737
     -59.16     0.818
     -57.87     1.010
     -56.58     1.161
     -55.29     1.149
     -54.00     1.088
     -52.72     1.316
     -51.43     1.414
     -50.14     1.418
     -48.85     1.339
     -47.56     1.344
     -46.28     1.508
     -44.99     1.390
     -43.70     1.376
     -42.41     1.631
     -41.12     1.544
     -39.83     1.633
     -38.55     1.751
     -37.26     1.680
     -35.97     1.526
     -34.68     1.406
     -33.39     1.278
     -32.10     1.000
     -30.82     1.095
     -29.53     1.072
     -28.24     1.129
     -26.95     1.395
     -25.66     1.614
     -24.38     1.891
     -23.09     2.566
     -21.80     2.778
     -20.51     3.167
     -19.22     3.786
     -17.93     4.486
     -16.65     4.996
     -15.36     5.288
     -14.07     5.365
     -12.78     5.575
     -11.49     5.565
     -10.20     5.895
      -8.92     6.541
      -7.63     7.130
      -6.34     7.448
      -5.05     7.495
      -3.76     8.281
      -2.48     9.508
      -1.19     8.875
       0.10     6.867
       1.39     7.861
       2.68    12.002
       3.97    10.939
       5.25     7.143
       6.54     6.104
       7.83     5.801
       9.12     7.193
      10.41     8.391
      11.70     6.599
      12.98     4.469
      14.27     3.576
      15.56     2.834
      16.85     2.040
      18.14     1.312
      19.42     1.004
      20.71     0.731
      22.00     0.416
      23.29     0.450
      24.58     0.524
      25.87     0.446
      27.15     0.267
      28.44     0.170
      29.73     0.089
      31.02     0.143
      32.31     0.112
      33.60     0.088
      34.88     0.088
      36.17     0.105
      37.46     0.120
      38.75     0.014
      40.04     0.060
      41.32     0.205
      42.61     0.100
      43.90     0.138
      45.19     0.143
      46.48     0.012
      47.77    -0.106
      49.05    -0.074
      50.34    -0.143
      51.63    -0.022
      52.92     0.008
      54.21     0.015
      55.50     0.018
      56.78    -0.066
      58.07    -0.123
      59.36    -0.075
      60.65     0.017
      61.94     0.073
      63.22    -0.038
      64.51     0.143
      65.80     0.018
      67.09     0.058
      68.38     0.073
      69.67    -0.086
      70.95    -0.061
      72.24    -0.007
      73.53    -0.075
      74.82    -0.002
      76.11     0.048
      77.40     0.071
      78.68     0.086
      79.97     0.093
      81.26     0.072
      82.55     0.114
      83.84    -0.041
      85.12     0.143
      86.41     0.103
      87.70     0.035
      88.99     0.190
      90.28     0.191
      91.57     0.061
      92.85     0.084
      94.14     0.040
      95.43    -0.088
      96.72    -0.084
      98.01    -0.071
      99.30    -0.030
%%GASS      0  datapoints: v_lsr [km/s] and T_B [K]
%%gauss   201  datapoints: v_lsr [km/s] and T_B [K]
    -100.00     0.002
     -99.00     0.003
     -98.00     0.003
     -97.00     0.004
     -96.00     0.004
     -95.00     0.005
     -94.00     0.006
     -93.00     0.007
     -92.00     0.008
     -91.00     0.009
     -90.00     0.011
     -89.00     0.013
     -88.00     0.016
     -87.00     0.019
     -86.00     0.022
     -85.00     0.026
     -84.00     0.031
     -83.00     0.037
     -82.00     0.045
     -81.00     0.053
     -80.00     0.063
     -79.00     0.074
     -78.00     0.088
     -77.00     0.103
     -76.00     0.121
     -75.00     0.141
     -74.00     0.164
     -73.00     0.190
     -72.00     0.218
     -71.00     0.251
     -70.00     0.286
     -69.00     0.326
     -68.00     0.369
     -67.00     0.415
     -66.00     0.465
     -65.00     0.518
     -64.00     0.575
     -63.00     0.634
     -62.00     0.695
     -61.00     0.759
     -60.00     0.823
     -59.00     0.888
     -58.00     0.953
     -57.00     1.017
     -56.00     1.080
     -55.00     1.140
     -54.00     1.197
     -53.00     1.249
     -52.00     1.297
     -51.00     1.339
     -50.00     1.375
     -49.00     1.405
     -48.00     1.429
     -47.00     1.447
     -46.00     1.461
     -45.00     1.473
     -44.00     1.488
     -43.00     1.510
     -42.00     1.540
     -41.00     1.578
     -40.00     1.616
     -39.00     1.641
     -38.00     1.638
     -37.00     1.599
     -36.00     1.525
     -35.00     1.425
     -34.00     1.317
     -33.00     1.218
     -32.00     1.142
     -31.00     1.098
     -30.00     1.092
     -29.00     1.127
     -28.00     1.207
     -27.00     1.333
     -26.00     1.508
     -25.00     1.732
     -24.00     2.003
     -23.00     2.320
     -22.00     2.680
     -21.00     3.078
     -20.00     3.510
     -19.00     3.961
     -18.00     4.406
     -17.00     4.805
     -16.00     5.117
     -15.00     5.324
     -14.00     5.441
     -13.00     5.503
     -12.00     5.562
     -11.00     5.696
     -10.00     5.985
      -9.00     6.453
      -8.00     6.987
      -7.00     7.357
      -6.00     7.443
      -5.00     7.506
      -4.00     8.057
      -3.00     9.098
      -2.00     9.587
      -1.00     8.582
       0.00     6.961
       1.00     7.053
       2.00     9.920
       3.00    12.387
       4.00    10.867
       5.00     7.703
       6.00     6.193
       7.00     5.901
       8.00     6.051
       9.00     6.986
      10.00     8.262
      11.00     7.914
      12.00     5.960
      13.00     4.455
      14.00     3.688
      15.00     3.117
      16.00     2.535
      17.00     1.965
      18.00     1.475
      19.00     1.099
      20.00     0.832
      21.00     0.648
      22.00     0.528
      23.00     0.457
      24.00     0.420
      25.00     0.394
      26.00     0.354
      27.00     0.297
      28.00     0.239
      29.00     0.193
      30.00     0.163
      31.00     0.142
      32.00     0.126
      33.00     0.111
      34.00     0.099
      35.00     0.087
      36.00     0.076
      37.00     0.067
      38.00     0.058
      39.00     0.050
      40.00     0.043
      41.00     0.037
      42.00     0.032
      43.00     0.027
      44.00     0.023
      45.00     0.019
      46.00     0.016
      47.00     0.014
      48.00     0.012
      49.00     0.010
      50.00     0.008
      51.00     0.007
      52.00     0.006
      53.00     0.005
      54.00     0.004
      55.00     0.003
      56.00     0.003
      57.00     0.002
      58.00     0.002
      59.00     0.002
      60.00     0.001
      61.00     0.001
      62.00     0.001
      63.00     0.001
      64.00     0.001
      65.00     0.001
      66.00     0.001
      67.00     0.001
      68.00     0.000
      69.00     0.000
      70.00     0.000
      71.00     0.000
      72.00     0.000
      73.00     0.000
      74.00     0.000
      75.00     0.000
      76.00     0.000
      77.00     0.000
      78.00     0.000
      79.00     0.000
      80.00     0.000
      81.00     0.000
      82.00     0.000
      83.00     0.000
      84.00     0.000
      85.00     0.000
      86.00     0.000
      87.00     0.000
      88.00     0.000
      89.00     0.000
      90.00     0.000
      91.00     0.000
      92.00     0.000
      93.00     0.000
      94.00     0.000
      95.00     0.000
      96.00     0.000
      97.00     0.000
      98.00     0.000
      99.00     0.000
     100.00     0.000
%% HI4PI Gaussians - height, velocity, width (sigma) 
%      5.152   -12.911     6.432
%      1.589   -43.862    13.948
%     10.954     3.135     1.358
%      1.092     6.612    13.016
%      7.217    -1.793     1.867
%      7.077    10.085     1.614
%      3.286    -6.500     2.063
%      2.569    14.149     2.359
%      3.858     6.403     1.278
%      0.513   -22.883    -0.697
%% component flagged & excluded if width negative ---
%% Gaussians are derived from EBHIS                  
