-99.29415048725158	-0.0022493259810920617
-98.36718480169205	0.0006269554806263341
-97.4402191161325	-4.0945036341178786e-05
-96.51325343057297	0.003000142446086689
-95.58628774501344	-0.0008265428202116737
-94.6593220594539	-0.001556102309560726
-93.73235637389438	-0.0009997182224878273
-92.80539068833484	0.0016016365142768837
-91.8784250027753	0.0035506782478002753
-90.95145931721578	-0.0007026574010535513
-90.02449363165624	6.860446237660494e-05
-89.0975279460967	-0.0014458819934509291
-88.1705622604706	0.0008650166737193352
-87.24359657497763	-0.004348616820060025
-86.3166308894181	-0.004323500484939269
-85.38966520385857	-0.003946433057271506
-84.46269951829903	-0.0019456639996127379
-83.53573383267293	0.0012724064992781503
-82.6087681471134	-0.0002619124755605341
-81.68180246155386	0.0036969774347066033
-80.7548367760609	-0.0019171461372879347
-79.82787109050136	0.0018311237148855776
-78.90090540487526	0.0006466531714539017
-77.97393971931574	0.0014445876864410151
-77.0469740337562	0.0015384919876679762
-76.12000834819666	0.002577850076753
-75.19304266263714	0.0029639052291114084
-74.26607697707759	0.0017917399939557023
-73.33911129151805	0.0016110261942954688
-72.41214560595853	0.004483434926937456
-71.48517992039899	0.003711936562485538
-70.55821423483945	0.0023138007453407483
-69.63124854927993	0.0030584963937012066
-68.7042828637204	-0.0020960383004378046
-67.77731717816086	-0.0029401658712838847
-66.85035149260132	-0.002857969579247447
-65.9233858070418	-0.006176033410941866
-64.99642012148226	0.00342230792081672
-64.06945443592272	-0.0007043510229907935
-63.14248875029662	0.00017118359241370445
-62.21552306480366	-0.0028698751243945828
-61.28855737924412	-0.003017204791043298
-60.36159169368458	0.00024472624863704196
-59.43462600812505	0.001793508924613034
-58.50766032249895	-0.0010533065593515435
-57.58069463693941	-0.0012487607256958526
-56.65372895144645	0.0009267051769381517
-55.72676326588692	-2.5250826294376458e-05
-54.79979758026082	5.902856355882881e-05
-53.87283189470128	-0.0005510000807528061
-52.94586620914175	-0.004053960912682729
-52.01890052358221	-0.0013067588118872544
-51.09193483802268	0.002383420615774417
-50.16496915246315	0.0016395110382402647
-49.23800346690361	0.0016874653972453674
-48.31103778134408	0.004317835908321934
-47.38407209578454	0.004085874060799321
-46.45710641022501	0.0041392306178040066
-45.53014072466548	-0.00040764438374035647
-44.60317503910594	0.0023236983668869487
-43.67620935354641	-0.0020149925457961754
-42.74924366798687	-0.0018571692634747018
-41.82227798242734	-0.0016212846540364834
-40.89531229686781	0.0011501076884277953
-39.96834661130828	-0.0008054465563754891
-39.04138092568217	-0.005310292434942753
-38.1144152401892	-0.0013657157199733142
-37.18744955462967	0.0007547570896306603
-36.26048386907014	0.0018142587687641292
-35.33351818351061	0.004079931366119172
-34.4065524978845	0.0072411162041850115
-33.47958681232497	0.0009757538792480314
-32.55262112676544	-0.004054915738608296
-31.62565544127247	-0.0018649535055033576
-30.69868975571293	0.0024696789962406532
-29.77172407008683	0.0015883194580985787
-28.8447583845273	-0.0037797951546575228
-27.91779269896777	-0.0028495286029584935
-26.99082701340823	0.0013923546260619286
-26.06386132791526	0.0010399893190672419
-25.13689564228916	-0.005043890463482073
-24.20992995672963	0.0017616486126717415
-23.28296427117009	-0.003430460844416524
-22.35599858561056	-0.0022046869528948767
-21.42903290005103	-0.002015698557114228
-20.50206721449149	0.0006635347723716306
-19.57510152893196	0.0016527427388060962
-18.64813584337243	0.002676254319229657
-17.72117015781289	0.004167097764479925
-16.79420447225336	0.0016862005991916743
-15.86723878669383	-0.0020296103782031626
-14.94027310113429	0.000471690904524403
-14.01330741550819	0.0003716297934005707
-13.08634173001522	-0.002078669091751383
-12.15937604445569	0.001421918142688982
-11.23241035889616	-0.00023758533586074537
-10.30544467333662	-0.0033080570861858966
-9.37847898771052	-0.0015271753932746058
-8.451513302150987	-0.004718619268317929
-7.52454761665802	-0.00492306844870974
-6.597581931098486	0.0027850966019531817
-5.670616245472385	-0.00017550530612879571
-4.743650559912852	-0.0011325560889581445
-3.816684874353317	-0.0046535383887402575
-2.889719188793784	0.003926864426116657
-1.96275350323425	0.007933368261001487
-1.035787817674716	0.0025233882951002764
-0.108822132115182	0.013847038981396222
0.818143553444352	0.01735483404666958
1.745109239003886	0.009766286491497862
2.67207492456342	0.007193008590255586
3.599040610122954	0.0012727118911144777
4.526006295649204	-0.0010437927839566285
5.452971981242022	-0.0020438953391917402
6.379937666801554	-0.0026491864050277847
7.306903352361089	-0.003259357338104479
8.233869037953905	-0.005918100221264481
9.16083472351344	-0.0031844078635532443
10.08780040907297	-0.0004580738002191449
11.01476609459922	0.0016919077072865749
11.94173178015876	-0.0006804583286901427
12.86869746575158	0.002209332377993731
13.79566315131111	-0.0017768166127216133
14.72262883687064	-0.003641602467098892
15.64959452243018	-0.0009485230776036236
16.57656020802299	0.007605922937095759
17.50352589354925	0.00257163623212796
18.43049157910878	0.0005421167364188281
19.35745726466831	0.00202976365269136
20.28442295022785	-0.0005182245425343486
21.21138863582066	0.0006271499010589447
22.1383543213802	-0.0028851159924143375
23.06532000690645	-0.003891525925042721
23.99228569246598	-0.005397984325117549
24.9192513780588	-0.008233096347133024
25.84621706361833	-0.002874867871786237
26.77318274917787	0.0013100944940228469
27.7001484347374	0.0034976834171914365
28.62711412033022	0.003885890838413846
29.55407980585647	0.0010054079721815265
30.481045491416	0.0018712253067830382
31.40801117697554	0.0012032326043041276
32.33497686253507	-0.006422181099372356
33.26194254812789	-0.0035413274945664277
34.18890823368742	-0.002740618997800979
35.11587391921367	-0.0019805687518017418
36.04283960477321	-0.0013203906254973341
36.96980529033274	-0.005325199214019247
37.89677097592556	0.000395790161298204
38.82373666148509	0.0010882614529177882
39.75070234704462	0.00018639788709943523
40.67766803263744	0.004193681963900193
41.60463371816369	-0.001001304542825749
42.53159940372323	-0.003137380585427053
43.45856508928276	-0.001157265842455279
44.38553077484229	0.0035191192813351776
45.31249646043511	0.004822953654987031
46.23946214599464	0.0006613154213401366
47.16642783155418	2.90819970315186e-05
48.09339351708043	0.002082130072495268
49.02035920263997	0.0031229356119626475
49.94732488823279	0.004899473853462072
50.87429057379232	0.008019719308819038
51.80125625935185	0.0035329457636562368
52.72822194494466	-0.0005219737226065601
53.65518763043764	-0.0036349668167523974
54.58215331603046	-0.00021176191176725467
55.50911900158999	0.002789411873160111
56.43608468714952	-0.005836075307361988
57.36305037274234	0.0034514459750718783
58.29001605830187	0.005465144422664334
59.2169817438614	0.0010959880114151353
60.14394742938766	-0.0004625560088788902
61.07091311494719	-0.001301621114623731
61.99787880054001	-0.0031069415084282676
62.92484448609954	-0.005226052119104206
63.85181017165907	-0.0009096886016661847
64.7787758572186	0.0027665126626683577
65.70574154274486	0.0014115145664790742
66.63270722833768	0.0022311792761427864
67.55967291389722	0.00020486823183339518
68.48663859945674	-0.008530457852478013
69.41360428504956	-0.001140738989023233
70.3405699706091	0.0042326840837630456
71.26753565616863	0.0021896699012433256
72.19450134169487	-0.0012356237274227981
73.12146702725441	0.003508460280721395
74.04843271284723	0.0009208782824297917
74.97539839840675	0.0026918859082533603
75.9023640839663	0.0006480380625403026
76.82932976952584	-0.0027113110765641726
77.75629545511866	-0.007036108057117631
78.6832611406449	-0.0017308001533805266
79.61022682620444	-0.00274003536581622
80.53719251176396	0.002751537578909127
81.4641581973235	0.00773616922792645
82.39112388291632	0.0011592094021638112
83.31808956847586	-0.0010547928036535794
84.2450552540021	-0.0012274890210033692
85.17202093956163	-0.004601731607566111
86.09898662515445	-0.0026418736472251536
87.02595231071399	-0.00770696895006681
87.95291799627353	-0.005195272052380154
88.87988368183306	-0.0027965382166571994
89.80684936742588	-0.0044198234315927995
90.73381505295212	0.0005003155879153149
91.66078073851166	0.0006587214007665726
92.58774642407118	0.003198035839657495
93.51471210963072	0.0005955000110817867
94.44167779522354	0.007087754295330256
95.36864348078308	-0.0017793616535091911
96.29560916630932	0.002511291092448567
97.22257485186887	0.00020735073488572703
98.1495405374284	0.0028563547492816512
99.07650622302121	0.0021515398849128063
