-26.9828 0.0
-26.3326 -0.08209954297999977
-25.6824 0.05333079122000006
-25.0322 0.03852598450000011
-24.382 0.05358314588000024
-23.7318 -0.1231492343399998
-23.0816 -0.14106641519999985
-22.4314 -0.21887576870000003
-21.781200000000002 -0.10699853609999965
-21.131 0.20634183340000023
-20.480800000000002 0.2313249447400001
-19.8306 0.09942757578000005
-19.1804 0.006056351580000063
-18.5302 0.10413819610000008
-17.880000000000003 0.11944771214000016
-17.2298 0.11229766344000014
-16.5796 0.08361335042000007
-15.929400000000001 0.05324667300000008
-15.279200000000001 0.08184686780000017
-14.629000000000001 0.021029394740000207
-13.978800000000001 -0.09101607429999992
-13.328600000000002 -0.19910798699999988
-12.678400000000002 -0.16318950706000002
-12.0282 -0.02422620761999994
-11.378000000000002 -0.1481323456799999
-10.727800000000002 -0.12121451527999993
-10.077600000000004 0.11473709182000014
-9.427400000000002 0.014888764680000222
-8.777200000000004 -0.1862378993399998
-8.127000000000002 0.1355984103800001
-7.476800000000004 0.1974253020800001
-6.826600000000003 -0.18665849043999994
-6.176400000000001 -0.004458425919999787
-5.526200000000003 0.20550065120000016
-4.876000000000001 0.2684210797600002
-4.225800000000003 0.2422603133400001
-3.5756000000000014 -0.025740335579999885
-2.9254000000000033 -0.07890305061999991
-2.2752000000000017 0.1512443993000001
-1.6250000000000036 0.15780562046000024
-0.9748000000000019 0.24999918958000023
-0.3246000000000038 0.6675620336600001
0.3255999999999979 0.92496378686
0.975799999999996 0.70062049412
1.6259999999999977 0.33756625660000017
2.276199999999996 0.15460912810000016
2.9263999999999974 0.21416482786000013
3.576599999999999 0.23275495448000005
4.226799999999997 0.09009045336000021
4.876999999999995 0.0337312459600001
5.527200000000004 0.0005886672800001769
6.177400000000002 0.09412812792000014
6.8276 0.08781926142000018
7.4777999999999984 0.11456885538000017
8.128000000000004 0.12491539644000005
8.778200000000002 0.0870621974400001
9.4284 -0.04147044271999989
10.078599999999998 -0.06249999772000003
10.728800000000003 0.0635090958400002
11.379000000000001 -0.00378548015999991
12.0292 0.04719016116000008
12.679399999999998 0.2543733370200001
13.329600000000003 0.22610961510000016
13.979800000000001 -0.02422620761999994
14.629999999999999 -0.13383224827999984
15.280200000000004 -0.15730123165999976
15.930400000000002 -0.06350941635999985
16.5806 0.10666174270000006
17.2308 0.19809824784000019
17.881000000000004 0.06510734202000013
18.531200000000002 -0.011103765299999901
19.1814 0.0967357927400001
19.831599999999998 -0.003112534399999811
20.481800000000003 -0.21382867550000006
21.132 -0.11170915641999968
21.7822 -0.002944297959999842
22.432399999999998 -0.18051786037999995
23.082600000000003 0.1052317329600001
23.7328 0.42134800372000014
24.383 0.07242562716000012
25.033200000000004 -0.15923595072000007
25.683400000000002 -0.30997580096
26.3336 -0.20306154333999982
26.9838 0.16789980686000017
27.634000000000004 0.11742887486000009
28.284200000000002 0.0
