-26.9828 -0.15292708421999968
-26.3326 0.10935352574000023
-25.6824 -0.08075365146000002
-25.0322 0.11229766344000014
-24.382 -0.00841198225999995
-23.7318 -0.04306868889999982
-23.0816 -0.025656217359999678
-22.4314 0.0014298494800002448
-21.781200000000002 -0.0765477404599999
-21.131 0.15696443826000017
-20.480800000000002 0.2701875623800001
-19.8306 -0.03331097537999983
-19.1804 -0.2787679413399997
-18.5302 -0.00235547041999995
-17.880000000000003 0.07284621826000004
-17.2298 -0.16966660999999994
-16.5796 -0.03852630501999976
-15.929400000000001 0.19363998218000011
-15.279200000000001 0.03549772858000022
-14.629000000000001 -0.027927409299999928
-13.978800000000001 -0.12146686993999967
-13.328600000000002 -0.11574683097999983
-12.678400000000002 -0.09051136498000001
-12.0282 0.12272832272000023
-11.378000000000002 -0.07890305061999991
-10.727800000000002 -0.2878527090999998
-10.077600000000004 -0.13122458345999966
-9.427400000000002 -0.10144673357999978
-8.777200000000004 -0.015309676299999797
-8.127000000000002 0.018337611700000034
-7.476800000000004 0.13854254808000022
-6.826600000000003 0.9912489442200001
-6.176400000000001 1.4062882417
-5.526200000000003 0.6196146482600002
-4.876000000000001 -0.08302484339999983
-4.225800000000003 -0.11473741234000001
-3.5756000000000014 -0.08100600611999975
-2.9254000000000033 -0.06241587949999983
-2.2752000000000017 -0.10497969882000002
-1.6250000000000036 -0.056695840539999987
-0.9748000000000019 0.0003363126200002231
-0.3246000000000038 -0.00235547041999995
0.3255999999999979 0.056947874680000066
0.975799999999996 -0.0559387765599999
1.6259999999999977 0.06855618904000016
2.276199999999996 -0.18043374215999974
2.9263999999999974 -0.09303491157999999
3.576599999999999 -0.15519827615999993
4.226799999999997 -0.12449512586
4.876999999999995 0.21534248294000014
5.527200000000004 0.28919828010000015
6.177400000000002 0.09951169400000004
6.8276 0.14804790694000003
7.4777999999999984 0.08428629618000016
8.128000000000004 0.011692272320000141
8.778200000000002 0.09959581222000025
9.4284 -0.047274599899999936
10.078599999999998 -0.03045095589999991
10.728800000000003 0.12987837142000003
11.379000000000001 -0.11095209244000004
12.0292 0.1440102323800001
12.679399999999998 0.24116677648000007
13.329600000000003 0.1349254646200002
13.979800000000001 -0.09984848739999985
14.629999999999999 -0.16049772402000007
15.280200000000004 -0.10893325515999996
15.930400000000002 -0.08445485313999979
16.5806 0.17328337294000007
17.2308 0.3935889911200001
17.881000000000004 0.049461353100000105
18.531200000000002 -0.05038697404000003
19.1814 0.01472052824000003
19.831599999999998 -0.12415865298000006
20.481800000000003 -0.17210603837999972
21.132 -0.13484166691999966
21.7822 0.08184686780000017
22.432399999999998 0.13114014472000024
23.082600000000003 0.04912488022000017
23.7328 -0.09841847765999989
24.383 -0.10683029965999968
25.033200000000004 0.041806595080000175
25.683400000000002 0.03945128492000016
26.3336 0.13829019342000004
26.9838 -0.1200368601999997
27.634000000000004 -0.08209954297999977
28.284200000000002 0.2574015929400002
