-26.9828 -0.10523205347999975
-26.3326 0.10825998888000021
-25.6824 -0.02296443431999995
-25.0322 -0.13728109529999988
-24.382 -0.15477768505999978
-23.7318 0.15889915732000004
-23.0816 0.11541003758000024
-22.4314 0.03633891078000007
-21.781200000000002 -0.05307875707999998
-21.131 0.0043739871800001495
-20.480800000000002 -0.04853637319999993
-19.8306 0.13265427268000018
-19.1804 0.13391604598000018
-18.5302 0.23267083626000007
-17.880000000000003 0.06855618904000016
-17.2298 -0.06367765279999982
-16.5796 0.1415708040000001
-15.929400000000001 0.008159307080000122
-15.279200000000001 -0.024562680499999878
-14.629000000000001 0.11784946596000023
-13.978800000000001 -0.09816612299999972
-13.328600000000002 -0.11784978647999966
-12.678400000000002 0.06342497762000021
-12.0282 -0.06847239134000005
-11.378000000000002 0.06367733228000017
-10.727800000000002 -0.07351948454000001
-10.077600000000004 -0.034320394019999645
-9.427400000000002 -0.1382905139399997
-8.777200000000004 -0.05795761383999998
-8.127000000000002 -0.022712079659999773
-7.476800000000004 0.3447163053000002
-6.826600000000003 0.35817522050000017
-6.176400000000001 0.18430285976000005
-5.526200000000003 0.2227448863000001
-4.876000000000001 0.3266308880000002
-4.225800000000003 0.24276502266000022
-3.5756000000000014 0.09959581222000025
-2.9254000000000033 0.33933273922000007
-2.2752000000000017 -0.10043731493999997
-1.6250000000000036 -0.06048116043999996
-0.9748000000000019 -0.15116060159999978
-0.3246000000000038 0.0640138051600001
0.3255999999999979 -0.09370785733999987
0.975799999999996 0.05366726410000022
1.6259999999999977 -0.020272651279999776
2.276199999999996 0.15343147302000015
2.9263999999999974 0.11608298334000011
3.576599999999999 0.11036294438000005
4.226799999999997 0.03314241842000021
4.876999999999995 -0.10296086153999995
5.527200000000004 0.1306354354000001
6.177400000000002 0.25041978068000015
6.8276 -0.07612714935999976
7.4777999999999984 0.2415873675800002
8.128000000000004 -0.08933370989999978
8.778200000000002 -0.006813736079999799
9.4284 0.19540646480000023
10.078599999999998 0.06779912506000008
10.728800000000003 0.06443439626000025
11.379000000000001 0.17782575682000012
12.0292 0.021534104060000114
12.679399999999998 0.12306479560000017
13.329600000000003 0.08748278854000024
13.979800000000001 -0.007739036499999852
14.629999999999999 -0.12155098815999987
15.280200000000004 0.1452720056800001
15.930400000000002 -0.006309026759999892
16.5806 0.021534104060000114
17.2308 0.16487155094000006
17.881000000000004 0.04247954084000005
18.531200000000002 0.028263561660000214
19.1814 0.2627010408000001
19.831599999999998 0.04685368828000014
20.481800000000003 -0.12516807161999988
21.132 0.3118260812800002
21.7822 0.057620820440000164
22.432399999999998 -0.10354968908000006
23.082600000000003 0.01202874520000008
23.7328 0.04281601372000021
24.383 0.02254352270000015
25.033200000000004 0.049629589540000074
25.683400000000002 0.15216969972000016
26.3336 -0.08950194633999975
26.9838 -0.16159126087999964
27.634000000000004 -0.3358842127199997
28.284200000000002 -0.31266758399999994
