-26.9828 0.022291168040000198
-26.3326 -0.05265816597999984
-25.6824 0.18749935212000013
-25.0322 0.14501965102000014
-24.382 0.08470688728000009
-23.7318 -0.025908572019999854
-23.0816 -0.2510089287399999
-22.4314 0.18783582500000007
-21.781200000000002 0.3021524859800002
-21.131 -0.12777573644000007
-20.480800000000002 -0.07326712987999984
-19.8306 0.1500667442200001
-19.1804 -0.016150858499999865
-18.5302 -0.047611072779999875
-17.880000000000003 -0.02868447328000001
-17.2298 0.043236604820000135
-16.5796 0.10085758552000024
-15.929400000000001 0.012196981640000049
-15.279200000000001 0.05577021960000006
-14.629000000000001 0.003280450320000128
-13.978800000000001 0.08605277880000006
-13.328600000000002 0.06485498736000017
-12.678400000000002 0.15990857596000008
-12.0282 0.037011856540000165
-11.378000000000002 0.0834451139800001
-10.727800000000002 -0.14089817875999988
-10.077600000000004 0.0276747341200001
-9.427400000000002 0.0913522266600002
-8.777200000000004 -0.07629538579999973
-8.127000000000002 0.0074863613200002455
-7.476800000000004 0.0017663223600001832
-6.826600000000003 0.05804141154000009
-6.176400000000001 0.02893650742000009
-5.526200000000003 0.06603264244000018
-4.876000000000001 -0.15831065030000002
-4.225800000000003 -0.24419535292000005
-3.5756000000000014 0.010766971900000089
-2.9254000000000033 0.1719374814200001
-2.2752000000000017 0.4611359217800002
-1.6250000000000036 1.02699918772
-0.9748000000000019 1.3861839871200001
-0.3246000000000038 1.6233132493000002
0.3255999999999979 1.3305818437
0.975799999999996 0.7981976293200002
1.6259999999999977 0.72972539824
2.276199999999996 1.4100735616
2.9263999999999974 1.31443114546
3.576599999999999 0.8080394610600001
4.226799999999997 0.30248895886000016
4.876999999999995 0.03474066460000014
5.527200000000004 0.1204571307800002
6.177400000000002 0.20617359696000004
6.8276 -0.041049851619999744
7.4777999999999984 0.004962814720000042
8.128000000000004 0.1774051657200002
8.778200000000002 0.16302095010000017
9.4284 0.15965622130000012
10.078599999999998 0.07141620852000008
10.728800000000003 0.3501839896000001
11.379000000000001 0.03953540314000015
12.0292 0.02910474386000006
12.679399999999998 0.08226745890000009
13.329600000000003 -0.011860829279999763
13.979800000000001 0.28869357078000024
14.629999999999999 0.014215818920000123
15.280200000000004 -0.03776924103999968
15.930400000000002 0.01934703034000007
16.5806 0.0962310834200002
17.2308 0.24596151502000008
17.881000000000004 0.24856917984000004
18.531200000000002 0.06275203186000011
19.1814 0.1974253020800001
19.831599999999998 -0.054929357919999644
20.481800000000003 -0.03331097537999983
21.132 0.033983600620000054
21.7822 0.11473709182000014
22.432399999999998 -0.027086227099999638
23.082600000000003 -0.013038484359999769
23.7328 -0.06922945531999969
24.383 -0.17631194937999983
25.033200000000004 -0.19027557389999994
25.683400000000002 -0.15317943887999985
26.3336 0.10598879694000019
26.9838 0.15595501962000013
27.634000000000004 0.23519438286000005
28.284200000000002 -0.043152807120000025
