-26.9828 0.0
-26.3326 0.0
-25.6824 0.0
-25.0322 0.0
-24.382 0.0
-23.7318 0.0
-23.0816 0.0
-22.4314 0.0
-21.781200000000002 0.0
-21.131 0.0
-20.480800000000002 0.0
-19.8306 0.0
-19.1804 0.0
-18.5302 0.0
-17.880000000000003 0.0
-17.2298 0.0
-16.5796 0.0
-15.929400000000001 0.0
-15.279200000000001 0.0
-14.629000000000001 0.0
-13.978800000000001 0.0
-13.328600000000002 0.0
-12.678400000000002 0.0
-12.0282 0.0
-11.378000000000002 0.0
-10.727800000000002 0.0
-10.077600000000004 0.0
-9.427400000000002 0.0
-8.777200000000004 0.0
-8.127000000000002 0.0
-7.476800000000004 0.0
-6.826600000000003 0.0
-6.176400000000001 0.0
-5.526200000000003 0.0
-4.876000000000001 0.0
-4.225800000000003 0.0
-3.5756000000000014 0.0
-2.9254000000000033 0.0
-2.2752000000000017 0.0
-1.6250000000000036 0.0
-0.9748000000000019 0.0
-0.3246000000000038 0.0
0.3255999999999979 0.0
0.975799999999996 0.0
1.6259999999999977 0.0
2.276199999999996 0.0
2.9263999999999974 0.0
3.576599999999999 0.0
4.226799999999997 0.0
4.876999999999995 0.0
5.527200000000004 0.0
6.177400000000002 0.0
6.8276 0.0
7.4777999999999984 0.0
8.128000000000004 0.0
8.778200000000002 0.0
9.4284 0.0
10.078599999999998 0.0
10.728800000000003 0.0
11.379000000000001 0.0
12.0292 0.0
12.679399999999998 0.0
13.329600000000003 0.0
13.979800000000001 0.0
14.629999999999999 0.0
15.280200000000004 0.0
15.930400000000002 0.0
16.5806 0.0
17.2308 0.0
17.881000000000004 0.0
18.531200000000002 0.0
19.1814 0.0
19.831599999999998 0.0
20.481800000000003 0.0
21.132 0.0
21.7822 0.0
22.432399999999998 0.0
23.082600000000003 0.0
23.7328 0.0
24.383 0.0
25.033200000000004 0.0
25.683400000000002 0.0
26.3336 0.0
26.9838 0.0
27.634000000000004 0.0
28.284200000000002 0.0
