-82.9 0.058831776100000344
-82.24981000000001 -0.11346133489999977
-81.59962 0.05392912660000038
-80.94943 -0.03627962419999964
-80.29924000000001 -0.01260683089999981
-79.64905 0.05911192750000005
-78.99886000000001 -0.0082644841999997
-78.34867 0.023112472600000267
-77.69848 -0.17635532419999977
-77.04829000000001 0.044824206100000374
-76.3981 -0.20086857170000005
-75.74791 -0.14651920009999975
-75.09772000000001 -0.12704867779999995
-74.44753 0.23448670390000004
-73.79734 0.14161651480000037
-73.14715000000001 0.06737639380000005
-72.49696 0.016809066099999992
-71.84677 0.09511138240000028
-71.19658000000001 0.23602753659999998
-70.54639 -0.21207462769999985
-69.89620000000001 -0.11920443859999974
-69.24601000000001 -0.16444888970000004
-68.59582 -0.24639317419999962
-67.94563000000001 -0.06191347729999963
-67.29544 0.11136016360000012
-66.64525 0.06457487980000032
-65.99506 -0.05589022219999995
-65.34487 0.07283934610000031
-64.69468 0.0914694142000001
-64.04449 0.06541533400000032
-63.3943 -0.21935856409999976
-62.744110000000006 -0.16402866259999982
-62.093920000000004 -0.002521380499999726
-61.44373 0.012886946500000107
-60.79354000000001 0.35845369839999996
-60.14335 0.07816222270000006
-59.49316 0.12256621960000036
-58.84297 -0.028995687799999725
-58.19278 -0.009805316899999639
-57.542590000000004 0.08628661329999998
-56.8924 -0.20100864739999968
-56.24221 0.05813139759999997
-55.592020000000005 -0.04468416619999971
-54.94183 -0.15744510469999984
-54.29164 -0.08180422669999965
-53.641450000000006 0.20479065550000008
-52.99126 -0.24387181160000004
-52.34107 -0.08502596780000005
-51.69088000000001 -0.21249485479999963
-51.04069 0.057711170500000186
-50.3905 -0.07157870059999993
-49.74031000000001 0.02045103430000017
-49.090120000000006 0.03529905850000015
-48.439930000000004 -0.03249758029999983
-47.78974 0.03389830150000028
-47.13955000000001 -0.03431856439999992
-46.489360000000005 0.1570248418000002
-45.83917 0.021431564200000253
-45.18898000000001 0.07017790780000022
-44.538790000000006 0.11108001219999997
-43.888600000000004 -0.13965549079999962
-43.23841 0.045524584600000306
-42.58822000000001 0.07283934610000031
-41.938030000000005 -0.0882477089
-41.28784 -0.19162357549999998
-40.63765000000001 0.18237854350000005
-39.987460000000006 0.2951394820000002
-39.337270000000004 0.07508055730000018
-38.68708 0.06121306300000029
-38.03689000000001 0.18139801359999996
-37.386700000000005 0.03964140520000026
-36.73651 -0.01288698229999996
-36.08632000000001 0.07522063300000026
-35.436130000000006 0.03011625760000003
-34.785940000000004 -0.1511416982
-34.13575 -0.12872958619999997
-33.48556000000001 -0.1832190334999999
-32.835370000000005 0.07816222270000006
-32.18518 -0.1923239539999999
-31.53499 0.06471495549999995
-30.884800000000006 -0.01877016170000001
-30.234610000000004 -0.1406360206999997
-29.58442 -0.10141482469999996
-28.934230000000007 0.07353972460000024
-28.284040000000005 0.03263762020000005
-27.633850000000002 0.21921845260000028
-26.98366 -0.013027058000000036
-26.333470000000005 0.22692261609999997
-25.683280000000003 0.22790314600000006
-25.03309 0.1847598304
-24.382900000000006 -0.19554569509999986
-23.732710000000004 -0.1393753393999999
-23.082520000000002 0.2931784222
-22.43233 -0.18027744379999966
-21.782140000000005 -0.27118657310000005
-21.131950000000003 -0.1341925384999998
-20.48176 0.05841154900000012
-19.831570000000006 -0.06275393149999964
-19.181379999999997 -0.15184207669999994
-18.531189999999995 -0.09749270509999963
-17.881 0.055189807900000165
-17.23080999999999 0.3357614350000002
-16.580619999999996 0.032357468800000344
-15.930430000000001 -0.20563114549999995
-15.280239999999992 -0.0037820617999999584
-14.630049999999997 0.06331419850000009
-13.979860000000002 0.03936125380000011
-13.329669999999993 -0.0785824855999997
-12.679479999999998 -0.04748568019999988
-12.029289999999989 0.04258299490000006
-11.379099999999994 0.3569128657
-10.728909999999999 0.07339964890000017
-10.07871999999999 -0.09413088830000005
-9.428529999999995 0.015268233400000053
-8.77834 0.11023955799999996
-8.12814999999999 0.1252276579
-7.477959999999996 0.006163312900000051
-6.827770000000001 0.09371062539999997
-6.177579999999992 -0.028575460699999944
-5.527389999999997 -0.12018496849999982
-4.877200000000002 -0.17929691390000002
-4.227009999999993 0.23952942910000008
-3.576819999999998 0.14189666620000008
-2.9266299999999887 0.09693236650000037
-2.276439999999994 0.22145966380000015
-1.6262499999999989 0.14203674190000015
-0.9760599999999897 1.6380452179000002
-0.3258699999999948 3.9390687418
0.32432000000000016 3.8235062893
0.9745100000000093 3.5296274707000004
1.6247000000000043 1.3371626143000002
2.274889999999999 0.1687912006000003
2.9250800000000083 -0.14707950290000005
3.5752700000000033 0.05715086770000033
4.225460000000012 0.32301454630000004
4.875650000000007 -0.011906452399999878
5.525840000000002 0.0011205877000000086
6.1760300000000115 -0.20983341649999998
6.826220000000006 0.27076631019999997
7.476410000000001 0.0009805120000003775
8.12660000000001 0.13993560640000036
8.776790000000005 0.07311949750000002
9.42698 0.13069061020000028
10.07717000000001 -0.07410006319999995
10.727360000000004 -0.17817630829999986
11.37755 0.04034178370000019
12.027740000000009 0.24891450100000023
12.677930000000003 0.28561433439999995
13.328120000000013 -0.016809101899999845
13.978310000000008 0.06653593960000004
14.628500000000003 -0.14567874589999974
15.278690000000012 -0.07410006319999995
15.928880000000007 0.06737639380000005
16.57907 0.0058831615000003445
17.22926000000001 -0.1420367777
17.879450000000006 -0.08880801169999986
18.52964 0.0914694142000001
19.17983000000001 0.0476257201000001
19.830020000000005 0.19540558360000038
20.480210000000014 -0.13797458240000005
21.13040000000001 0.02297239690000019
21.780590000000004 0.025913986599999994
22.430780000000013 0.1608068857
23.080970000000008 -0.07774203139999969
23.731160000000003 -0.12816928339999967
24.381350000000012 0.03165709029999997
25.031540000000007 -0.10701785269999986
25.68173 -0.06373446139999972
26.33192000000001 0.03039640900000018
26.982110000000006 -0.03782045690000002
27.6323 -0.14427798889999988
28.28249000000001 -0.1778961568999997
28.932680000000005 -0.13349215999999986
29.582870000000014 -0.062053552999999706
30.23306000000001 0.06471495549999995
30.883250000000004 0.05813139759999997
31.533440000000013 0.15898590160000037
32.18363000000001 0.14637908860000026
32.83382 0.23700806650000006
33.48401000000001 0.17803619680000038
34.13420000000001 0.021431564200000253
34.78439 -1.78999997046958e-8
35.43458000000001 -0.1120605778999999
36.084770000000006 0.058831776100000344
36.73496 -0.04118227370000005
37.38515000000001 0.09202971699999996
38.035340000000005 -0.18391941199999984
38.685530000000014 0.061072987300000214
39.33572000000001 -0.1623477541999998
39.985910000000004 -0.19918766330000004
40.63610000000001 -0.02283235699999997
41.28629000000001 0.014988082000000347
41.93648 -0.03613954850000001
42.58667000000001 -0.053929162399999786
43.23686000000001 0.0015408148000002342
43.88705 -0.14651920009999975
44.53724000000001 0.20282959570000036
45.187430000000006 0.12676849059999995
45.83761999999999 0.11079986080000026
46.487809999999996 -0.006163348699999904
47.138000000000005 -0.1585657103
47.788189999999986 -0.18924228860000003
48.438379999999995 0.005462934400000119
49.088570000000004 -0.24401188729999967
49.738759999999985 -0.07886263699999985
50.388949999999994 0.06569548540000003
51.03914 -0.05617037359999966
51.689329999999984 -0.30536504389999974
52.33951999999999 -0.16472904109999975
52.98971 -0.10925906389999973
53.63989999999998 -0.04118227370000005
54.29008999999999 0.08194426660000032
54.94028 0.006303388600000126
55.59046999999998 -0.09076907150000002
56.24065999999999 0.13517303260000002
56.89085 0.09987395620000017
57.54103999999998 0.07564086010000004
58.19122999999999 -0.13741427959999974
58.84142 0.024373153900000055
59.49161000000001 0.014988082000000347
60.14179999999999 0.27875062510000026
60.79199 -0.006023272999999829
61.44218000000001 -0.04538454469999964
62.09236999999999 0.1570248418000002
62.74256 -0.07886263699999985
63.39275000000001 -0.08166415100000002
64.04293999999999 0.06597563680000018
64.69313 -0.04566469609999979
65.34332 0.1318112158
65.99350999999999 0.33183931540000033
66.6437 0.25157593930000033
67.29389 -0.1424570047999998
67.94407999999999 0.053368823800000076
68.59427 -0.0005603207000000054
69.24446 -0.003501910399999808
69.89464999999998 -0.20072849599999998
70.54484 -0.30186315139999964
71.19503 -0.07662142579999998
71.84521999999998 -0.15646457479999976
72.49540999999999 -0.1631882083999998
73.1456 -0.11192050219999983
73.79578999999998 0.04608488740000016
74.44597999999999 0.26992585599999996
75.09617 0.02227201840000026
75.74636000000001 0.01386747640000019
76.39654999999999 0.1061773627
77.04674 0.14834014839999998
77.69693000000001 -0.2760892226
78.34711999999999 -0.05659060069999988
78.99731 -0.1285895104999999
79.64750000000001 -0.02479341679999969
80.29768999999999 0.18391937619999998
80.94788 0.2056311097000001
81.59807 0.020310958600000095
82.24825999999999 0.16038665860000023
82.89845 0.020030807199999945
