-82.9 -0.09002232341999994
-82.24980000000001 0.23999595509999994
-81.59960000000001 -0.1500680939600001
-80.94940000000001 -0.2100204807199999
-80.2992 0.06004541103999994
-79.649 0.06004541103999994
-78.9988 -0.2100204807199999
-78.3486 0.11999779779999997
-77.6984 0.11999779779999997
-77.04820000000001 -3.594999999911863e-7
-76.39800000000001 -0.1800442873400001
-75.74780000000001 -0.029976552880000007
-75.0976 -0.1500680939600001
-74.4474 -0.09002232341999994
-73.7972 -0.1800442873400001
-73.147 0.11999779779999997
-72.49680000000001 -0.029976552880000007
-71.84660000000001 -0.05995274626000002
-71.19640000000001 0.14997399118
-70.5462 0.06004541103999994
-69.896 -0.09002232341999994
-69.2458 0.06004541103999994
-68.5956 -0.11999851679999995
-67.9454 -0.05995274626000002
-67.29520000000001 0.030069217659999925
-66.64500000000001 0.09002160441999996
-65.99480000000001 0.14997399118
-65.34460000000001 0.09002160441999996
-64.6944 0.06004541103999994
-64.0442 0.030069217659999925
-63.394000000000005 -0.1500680939600001
-62.74380000000001 0.14997399118
-62.09360000000001 -3.594999999911863e-7
-61.44340000000001 -0.05995274626000002
-60.793200000000006 0.06004541103999994
-60.14300000000001 0.06004541103999994
-59.4928 0.06004541103999994
-58.842600000000004 0.11999779779999997
-58.192400000000006 -0.029976552880000007
-57.54220000000001 -0.11999851679999995
-56.89200000000001 -0.029976552880000007
-56.24180000000001 0.06004541103999994
-55.59160000000001 0.030069217659999925
-54.94140000000001 0.26997214847999995
-54.2912 0.06004541103999994
-53.641000000000005 -0.11999851679999995
-52.99080000000001 -0.09002232341999994
-52.34060000000001 -3.594999999911863e-7
-51.69040000000001 0.06004541103999994
-51.04020000000001 -3.594999999911863e-7
-50.39 -0.1500680939600001
-49.7398 -3.594999999911863e-7
-49.089600000000004 -0.05995274626000002
-48.439400000000006 -3.594999999911863e-7
-47.7892 -0.09002232341999994
-47.139 0.06004541103999994
-46.488800000000005 -0.05995274626000002
-45.83860000000001 0.030069217659999925
-45.1884 -0.029976552880000007
-44.5382 -0.09002232341999994
-43.888000000000005 -0.09002232341999994
-43.23780000000001 0.11999779779999997
-42.5876 0.06004541103999994
-41.937400000000004 0.030069217659999925
-41.287200000000006 0.06004541103999994
-40.637 -0.1500680939600001
-39.9868 0.11999779779999997
-39.336600000000004 0.11999779779999997
-38.686400000000006 0.030069217659999925
-38.0362 0.21001976171999992
-37.386 0.13503258637999993
-36.735800000000005 0.06004541103999994
-36.08560000000001 0.1800435683399999
-35.4354 0.030069217659999925
-34.7852 0.3300179190199999
-34.135000000000005 0.09002160441999996
-33.48480000000001 0.11999779779999997
-32.8346 -0.1500680939600001
-32.184400000000004 -0.029976552880000007
-31.534200000000006 0.030069217659999925
-30.884 -3.594999999911863e-7
-30.233800000000002 -0.11999851679999995
-29.583600000000004 -0.09002232341999994
-28.933400000000006 0.030069217659999925
-28.2832 -0.029976552880000007
-27.633000000000003 -0.029976552880000007
-26.982800000000005 -0.05995274626000002
-26.332600000000006 -0.029976552880000007
-25.6824 0.09002160441999996
-25.032200000000003 -0.11999851679999995
-24.382000000000005 0.030069217659999925
-23.731800000000007 0.1800435683399999
-23.0816 -3.594999999911863e-7
-22.431400000000004 0.030069217659999925
-21.781200000000005 -3.594999999911863e-7
-21.131 -0.029976552880000007
-20.480800000000002 0.09002160441999996
-19.830600000000004 -0.09002232341999994
-19.180400000000006 0.06004541103999994
-18.530200000000008 0.030069217659999925
-17.88000000000001 -0.05995274626000002
-17.229799999999997 -0.1500680939600001
-16.5796 -3.594999999911863e-7
-15.929400000000001 -0.11999851679999995
-15.279200000000003 -0.11999851679999995
-14.629000000000005 -0.33001863801999987
-13.978800000000007 -0.1800442873400001
-13.328600000000009 -0.029976552880000007
-12.67840000000001 -3.594999999911863e-7
-12.028199999999998 0.030069217659999925
-11.378 0.23999595509999994
-10.727800000000002 -0.029976552880000007
-10.077600000000004 0.14997399118
-9.427400000000006 -0.1800442873400001
-8.777200000000008 -0.1500680939600001
-8.12700000000001 -0.23999667409999992
-7.476799999999997 -0.1800442873400001
-6.826599999999999 -0.05995274626000002
-6.176400000000001 0.09002160441999996
-5.526200000000003 -0.05995274626000002
-4.876000000000005 0.06004541103999994
-4.225800000000007 0.11999779779999997
-3.5756000000000085 -0.029976552880000007
-2.9254000000000104 -0.05995274626000002
-2.275199999999998 0.030069217659999925
-1.625 0.23999595509999994
-0.9748000000000019 0.81001054822
-0.3246000000000038 1.73992622946
0.32559999999999434 1.5599756854
0.9757999999999925 0.9000325121399999
1.6259999999999906 0.29994834185999997
2.276200000000003 -3.594999999911863e-7
2.926400000000001 0.14997399118
3.576599999999999 0.06004541103999994
4.226799999999997 -0.1800442873400001
4.876999999999995 -0.05995274626000002
5.5271999999999935 0.09002160441999996
6.177399999999992 -0.029976552880000007
6.82759999999999 -0.029976552880000007
7.477800000000002 -3.594999999911863e-7
8.128 0.06004541103999994
8.778199999999998 -0.11999851679999995
9.428399999999996 -0.029976552880000007
10.078599999999994 -0.23999667409999992
10.728799999999993 -3.594999999911863e-7
11.37899999999999 -0.05995274626000002
12.029200000000003 -0.1800442873400001
12.679400000000001 -3.594999999911863e-7
13.3296 -3.594999999911863e-7
13.979799999999997 0.06004541103999994
14.629999999999995 -3.594999999911863e-7
15.280199999999994 -0.029976552880000007
15.930399999999992 -3.594999999911863e-7
16.58059999999999 -3.594999999911863e-7
17.230800000000002 -0.029976552880000007
17.881 -0.05995274626000002
18.5312 0.14997399118
19.181399999999996 0.23999595509999994
19.831599999999995 -0.05995274626000002
20.481799999999993 -0.1800442873400001
21.13199999999999 -3.594999999911863e-7
21.782200000000003 0.030069217659999925
22.4324 -0.11999851679999995
23.0826 0.030069217659999925
23.732799999999997 -0.05995274626000002
24.382999999999996 -0.26997286747999993
25.033199999999994 -0.09002232341999994
25.683399999999992 0.11999779779999997
26.33359999999999 -0.11999851679999995
26.983800000000002 0.06004541103999994
27.634 0.06004541103999994
28.2842 0.26997214847999995
28.934399999999997 0.11999779779999997
29.584599999999995 0.09002160441999996
30.234799999999993 0.030069217659999925
30.88499999999999 -0.09002232341999994
31.535200000000003 -0.09002232341999994
32.1854 -0.1500680939600001
32.8356 -0.05995274626000002
33.4858 -0.11999851679999995
34.135999999999996 0.09002160441999996
34.786199999999994 0.1800435683399999
35.43639999999999 0.11999779779999997
36.08659999999999 -0.09002232341999994
36.7368 0.14997399118
37.387 0.14997399118
38.0372 0.14997399118
38.6874 0.030069217659999925
39.337599999999995 -0.09002232341999994
39.98779999999999 0.09002160441999996
40.63799999999999 -0.11999851679999995
41.2882 0.030069217659999925
41.9384 -0.029976552880000007
42.5886 -0.2100204807199999
43.2388 -0.029976552880000007
43.888999999999996 -0.09002232341999994
44.53920000000001 -3.594999999911863e-7
45.18939999999998 -3.594999999911863e-7
45.83959999999999 0.06004541103999994
46.489799999999974 -0.1800442873400001
47.139999999999986 -0.26997286747999993
47.79019999999997 0.06004541103999994
48.44039999999998 0.11999779779999997
49.090599999999995 0.29994834185999997
49.74079999999998 -0.029976552880000007
50.39099999999999 0.09002160441999996
51.041199999999975 0.09002160441999996
51.69139999999999 0.23999595509999994
52.34159999999997 -0.05995274626000002
52.991799999999984 -0.029976552880000007
53.641999999999996 -0.1800442873400001
54.29219999999998 -3.594999999911863e-7
54.94239999999999 0.14997399118
55.592599999999976 0.11999779779999997
56.24279999999999 -0.029976552880000007
56.89299999999997 -0.1500680939600001
57.543199999999985 -0.09002232341999994
58.19339999999997 0.030069217659999925
58.84359999999998 -0.11999851679999995
59.49379999999999 -0.029976552880000007
60.14399999999998 0.09002160441999996
60.79419999999999 -0.2100204807199999
61.44439999999997 0.030069217659999925
62.094599999999986 -0.029976552880000007
62.74479999999997 0.030069217659999925
63.39499999999998 0.030069217659999925
64.0452 -3.594999999911863e-7
64.69539999999998 -3.594999999911863e-7
65.34559999999999 -0.029976552880000007
65.99579999999997 0.030069217659999925
66.64599999999999 -0.2100204807199999
67.29619999999997 -0.23999667409999992
67.94639999999998 -0.029976552880000007
68.5966 -0.05995274626000002
69.24679999999998 -0.09002232341999994
69.89699999999999 0.06004541103999994
70.54719999999998 -0.11999851679999995
71.19739999999999 0.09002160441999996
71.84759999999997 0.09002160441999996
72.49779999999998 0.06004541103999994
73.148 -0.029976552880000007
73.79819999999998 -0.029976552880000007
74.44839999999999 -3.594999999911863e-7
75.09859999999998 0.030069217659999925
75.74879999999999 -3.594999999911863e-7
76.39899999999997 0.06004541103999994
77.04919999999998 -0.11999851679999995
77.69939999999997 0.23999595509999994
78.34959999999998 0.14997399118
78.9998 0.06004541103999994
79.64999999999998 -0.09002232341999994
80.30019999999999 0.06004541103999994
80.95039999999997 0.23999595509999994
81.60059999999999 0.09002160441999996
82.25079999999997 -0.09002232341999994
82.90099999999998 -0.029976552880000007
