-82.9 0.09002160441999996
-82.24980000000001 0.030069217659999925
-81.59960000000001 -3.594999999911863e-7
-80.94940000000001 -0.1800442873400001
-80.2992 -3.594999999911863e-7
-79.649 0.06004541103999994
-78.9988 -3.594999999911863e-7
-78.3486 -3.594999999911863e-7
-77.6984 -0.23999667409999992
-77.04820000000001 -0.029976552880000007
-76.39800000000001 -0.1500680939600001
-75.74780000000001 0.11999779779999997
-75.0976 0.14997399118
-74.4474 -0.029976552880000007
-73.7972 -0.029976552880000007
-73.147 0.09002160441999996
-72.49680000000001 0.09002160441999996
-71.84660000000001 0.21001976171999992
-71.19640000000001 0.14997399118
-70.5462 0.030069217659999925
-69.896 0.1800435683399999
-69.2458 0.11999779779999997
-68.5956 -3.594999999911863e-7
-67.9454 0.030069217659999925
-67.29520000000001 0.06004541103999994
-66.64500000000001 0.09002160441999996
-65.99480000000001 0.09002160441999996
-65.34460000000001 -0.029976552880000007
-64.6944 0.26997214847999995
-64.0442 -0.09002232341999994
-63.394000000000005 0.1800435683399999
-62.74380000000001 0.030069217659999925
-62.09360000000001 0.06004541103999994
-61.44340000000001 0.1800435683399999
-60.793200000000006 0.030069217659999925
-60.14300000000001 -0.09002232341999994
-59.4928 -0.09002232341999994
-58.842600000000004 -0.2100204807199999
-58.192400000000006 -0.029976552880000007
-57.54220000000001 -0.1500680939600001
-56.89200000000001 -0.09002232341999994
-56.24180000000001 -0.09002232341999994
-55.59160000000001 0.23999595509999994
-54.94140000000001 0.030069217659999925
-54.2912 0.21001976171999992
-53.641000000000005 0.09002160441999996
-52.99080000000001 0.21001976171999992
-52.34060000000001 0.030069217659999925
-51.69040000000001 0.06004541103999994
-51.04020000000001 0.030069217659999925
-50.39 -0.029976552880000007
-49.7398 -0.05995274626000002
-49.089600000000004 -0.11999851679999995
-48.439400000000006 0.21001976171999992
-47.7892 -0.029976552880000007
-47.139 0.030069217659999925
-46.488800000000005 0.09002160441999996
-45.83860000000001 0.14997399118
-45.1884 0.11999779779999997
-44.5382 0.09002160441999996
-43.888000000000005 -0.1800442873400001
-43.23780000000001 -0.029976552880000007
-42.5876 0.06004541103999994
-41.937400000000004 -0.11999851679999995
-41.287200000000006 0.14997399118
-40.637 0.09002160441999996
-39.9868 0.030069217659999925
-39.336600000000004 -3.594999999911863e-7
-38.686400000000006 0.030069217659999925
-38.0362 -0.09002232341999994
-37.386 0.029975833880000025
-36.735800000000005 0.14997399118
-36.08560000000001 -0.1500680939600001
-35.4354 0.11999779779999997
-34.7852 -0.05995274626000002
-34.135000000000005 0.030069217659999925
-33.48480000000001 0.14997399118
-32.8346 -0.1500680939600001
-32.184400000000004 -0.029976552880000007
-31.534200000000006 0.030069217659999925
-30.884 0.21001976171999992
-30.233800000000002 -0.1500680939600001
-29.583600000000004 -0.05995274626000002
-28.933400000000006 -0.09002232341999994
-28.2832 -0.1500680939600001
-27.633000000000003 0.030069217659999925
-26.982800000000005 -0.029976552880000007
-26.332600000000006 -0.09002232341999994
-25.6824 0.09002160441999996
-25.032200000000003 0.030069217659999925
-24.382000000000005 -0.05995274626000002
-23.731800000000007 -0.1500680939600001
-23.0816 -0.2100204807199999
-22.431400000000004 -3.594999999911863e-7
-21.781200000000005 -0.1800442873400001
-21.131 -0.09002232341999994
-20.480800000000002 -0.11999851679999995
-19.830600000000004 -3.594999999911863e-7
-19.180400000000006 0.030069217659999925
-18.530200000000008 -0.23999667409999992
-17.88000000000001 -0.23999667409999992
-17.229799999999997 0.14997399118
-16.5796 -0.029976552880000007
-15.929400000000001 0.14997399118
-15.279200000000003 0.06004541103999994
-14.629000000000005 -0.33001863801999987
-13.978800000000007 -0.1500680939600001
-13.328600000000009 -0.26997286747999993
-12.67840000000001 -0.11999851679999995
-12.028199999999998 -0.05995274626000002
-11.378 -0.11999851679999995
-10.727800000000002 -0.1500680939600001
-10.077600000000004 -0.1800442873400001
-9.427400000000006 0.09002160441999996
-8.777200000000008 -0.05995274626000002
-8.12700000000001 0.09002160441999996
-7.476799999999997 -0.029976552880000007
-6.826599999999999 -0.029976552880000007
-6.176400000000001 -0.029976552880000007
-5.526200000000003 -0.11999851679999995
-4.876000000000005 -3.594999999911863e-7
-4.225800000000007 0.06004541103999994
-3.5756000000000085 0.11999779779999997
-2.9254000000000104 0.7199885843
-2.275199999999998 1.38002514134
-1.625 1.46995372148
-0.9748000000000019 0.8699629349799999
-0.3246000000000038 0.3300179190199999
0.32559999999999434 0.23999595509999994
0.9757999999999925 0.57001423362
1.6259999999999906 0.3899703057799999
2.276200000000003 -0.05995274626000002
2.926400000000001 0.030069217659999925
3.576599999999999 0.06004541103999994
4.226799999999997 0.1800435683399999
4.876999999999995 0.11999779779999997
5.5271999999999935 0.1800435683399999
6.177399999999992 0.06004541103999994
6.82759999999999 0.23999595509999994
7.477800000000002 -0.05995274626000002
8.128 -0.09002232341999994
8.778199999999998 -0.09002232341999994
9.428399999999996 -0.1500680939600001
10.078599999999994 -0.30004244463999985
10.728799999999993 0.030069217659999925
11.37899999999999 -0.05995274626000002
12.029200000000003 -0.11999851679999995
12.679400000000001 -3.594999999911863e-7
13.3296 0.14997399118
13.979799999999997 -0.09002232341999994
14.629999999999995 -0.029976552880000007
15.280199999999994 0.06004541103999994
15.930399999999992 -0.05995274626000002
16.58059999999999 -0.029976552880000007
17.230800000000002 -0.05995274626000002
17.881 -0.029976552880000007
18.5312 -0.05995274626000002
19.181399999999996 -0.029976552880000007
19.831599999999995 -0.1500680939600001
20.481799999999993 -0.029976552880000007
21.13199999999999 0.030069217659999925
21.782200000000003 -0.029976552880000007
22.4324 -0.1500680939600001
23.0826 -0.05995274626000002
23.732799999999997 0.09002160441999996
24.382999999999996 0.09002160441999996
25.033199999999994 0.06004541103999994
25.683399999999992 0.030069217659999925
26.33359999999999 -0.05995274626000002
26.983800000000002 -0.1800442873400001
27.634 -0.1800442873400001
28.2842 -0.05995274626000002
28.934399999999997 0.11999779779999997
29.584599999999995 -0.11999851679999995
30.234799999999993 0.21001976171999992
30.88499999999999 0.11999779779999997
31.535200000000003 0.030069217659999925
32.1854 -0.11999851679999995
32.8356 0.09002160441999996
33.4858 -0.05995274626000002
34.135999999999996 -0.30004244463999985
34.786199999999994 -0.029976552880000007
35.43639999999999 0.14997399118
36.08659999999999 0.030069217659999925
36.7368 0.11999779779999997
37.387 0.030069217659999925
38.0372 -0.05995274626000002
38.6874 0.030069217659999925
39.337599999999995 -0.05995274626000002
39.98779999999999 0.11999779779999997
40.63799999999999 -0.029976552880000007
41.2882 0.030069217659999925
41.9384 -0.1500680939600001
42.5886 -0.11999851679999995
43.2388 -0.1800442873400001
43.888999999999996 0.06004541103999994
44.53920000000001 0.11999779779999997
45.18939999999998 -3.594999999911863e-7
45.83959999999999 0.09002160441999996
46.489799999999974 0.11999779779999997
47.139999999999986 0.09002160441999996
47.79019999999997 -0.029976552880000007
48.44039999999998 0.11999779779999997
49.090599999999995 -0.029976552880000007
49.74079999999998 -0.09002232341999994
50.39099999999999 -0.029976552880000007
51.041199999999975 0.030069217659999925
51.69139999999999 -3.594999999911863e-7
52.34159999999997 -0.029976552880000007
52.991799999999984 0.06004541103999994
53.641999999999996 0.06004541103999994
54.29219999999998 0.26997214847999995
54.94239999999999 0.09002160441999996
55.592599999999976 0.23999595509999994
56.24279999999999 0.09002160441999996
56.89299999999997 0.26997214847999995
57.543199999999985 0.06004541103999994
58.19339999999997 -0.09002232341999994
58.84359999999998 0.06004541103999994
59.49379999999999 -0.05995274626000002
60.14399999999998 -0.26997286747999993
60.79419999999999 0.11999779779999997
61.44439999999997 0.06004541103999994
62.094599999999986 0.41994649915999993
62.74479999999997 0.09002160441999996
63.39499999999998 0.23999595509999994
64.0452 -3.594999999911863e-7
64.69539999999998 0.030069217659999925
65.34559999999999 -3.594999999911863e-7
65.99579999999997 -0.23999667409999992
66.64599999999999 -3.594999999911863e-7
67.29619999999997 -3.594999999911863e-7
67.94639999999998 -0.09002232341999994
68.5966 -0.2100204807199999
69.24679999999998 -0.09002232341999994
69.89699999999999 0.11999779779999997
70.54719999999998 0.09002160441999996
71.19739999999999 -0.05995274626000002
71.84759999999997 -0.029976552880000007
72.49779999999998 -0.029976552880000007
73.148 -0.09002232341999994
73.79819999999998 -0.2100204807199999
74.44839999999999 -0.09002232341999994
75.09859999999998 -0.2100204807199999
75.74879999999999 0.030069217659999925
76.39899999999997 -0.05995274626000002
77.04919999999998 0.030069217659999925
77.69939999999997 -3.594999999911863e-7
78.34959999999998 0.21001976171999992
78.9998 0.3599941123999999
79.64999999999998 0.030069217659999925
80.30019999999999 0.06004541103999994
80.95039999999997 0.21001976171999992
81.60059999999999 -3.594999999911863e-7
82.25079999999997 -0.05995274626000002
82.90099999999998 -0.029976552880000007
