-82.9 -3.594999999911863e-7
-82.24980000000001 0.21001976171999992
-81.59960000000001 0.1800435683399999
-80.94940000000001 -0.029976552880000007
-80.2992 -0.1500680939600001
-79.649 -0.1500680939600001
-78.9988 0.030069217659999925
-78.3486 -0.029976552880000007
-77.6984 -0.05995274626000002
-77.04820000000001 0.1800435683399999
-76.39800000000001 0.21001976171999992
-75.74780000000001 0.09002160441999996
-75.0976 0.030069217659999925
-74.4474 -0.029976552880000007
-73.7972 0.09002160441999996
-73.147 -0.1500680939600001
-72.49680000000001 -0.23999667409999992
-71.84660000000001 -0.1500680939600001
-71.19640000000001 -0.029976552880000007
-70.5462 0.09002160441999996
-69.896 0.1800435683399999
-69.2458 0.11999779779999997
-68.5956 0.11999779779999997
-67.9454 -0.09002232341999994
-67.29520000000001 -0.05995274626000002
-66.64500000000001 0.11999779779999997
-65.99480000000001 0.21001976171999992
-65.34460000000001 0.09002160441999996
-64.6944 0.11999779779999997
-64.0442 0.26997214847999995
-63.394000000000005 0.11999779779999997
-62.74380000000001 0.030069217659999925
-62.09360000000001 -0.1500680939600001
-61.44340000000001 -0.029976552880000007
-60.793200000000006 0.06004541103999994
-60.14300000000001 0.1800435683399999
-59.4928 0.06004541103999994
-58.842600000000004 -0.11999851679999995
-58.192400000000006 -0.029976552880000007
-57.54220000000001 0.030069217659999925
-56.89200000000001 -0.23999667409999992
-56.24180000000001 0.11999779779999997
-55.59160000000001 0.030069217659999925
-54.94140000000001 0.09002160441999996
-54.2912 -0.11999851679999995
-53.641000000000005 -0.1500680939600001
-52.99080000000001 -0.09002232341999994
-52.34060000000001 0.030069217659999925
-51.69040000000001 -0.05995274626000002
-51.04020000000001 -0.2100204807199999
-50.39 -0.2100204807199999
-49.7398 -0.05995274626000002
-49.089600000000004 0.06004541103999994
-48.439400000000006 -3.594999999911863e-7
-47.7892 0.06004541103999994
-47.139 -0.23999667409999992
-46.488800000000005 -3.594999999911863e-7
-45.83860000000001 0.09002160441999996
-45.1884 0.06004541103999994
-44.5382 0.030069217659999925
-43.888000000000005 0.030069217659999925
-43.23780000000001 0.11999779779999997
-42.5876 -3.594999999911863e-7
-41.937400000000004 0.06004541103999994
-41.287200000000006 -0.23999667409999992
-40.637 -0.05995274626000002
-39.9868 -0.029976552880000007
-39.336600000000004 -0.23999667409999992
-38.686400000000006 -3.594999999911863e-7
-38.0362 -0.05995274626000002
-37.386 -0.13503330538000013
-36.735800000000005 -0.2100204807199999
-36.08560000000001 -0.05995274626000002
-35.4354 -3.594999999911863e-7
-34.7852 -0.029976552880000007
-34.135000000000005 -3.594999999911863e-7
-33.48480000000001 -3.594999999911863e-7
-32.8346 -3.594999999911863e-7
-32.184400000000004 0.030069217659999925
-31.534200000000006 -0.09002232341999994
-30.884 -0.1800442873400001
-30.233800000000002 0.06004541103999994
-29.583600000000004 -3.594999999911863e-7
-28.933400000000006 -0.09002232341999994
-28.2832 -0.029976552880000007
-27.633000000000003 -0.09002232341999994
-26.982800000000005 0.030069217659999925
-26.332600000000006 0.11999779779999997
-25.6824 0.11999779779999997
-25.032200000000003 -0.26997286747999993
-24.382000000000005 -0.05995274626000002
-23.731800000000007 -0.09002232341999994
-23.0816 -0.11999851679999995
-22.431400000000004 -0.05995274626000002
-21.781200000000005 -0.1800442873400001
-21.131 -3.594999999911863e-7
-20.480800000000002 0.09002160441999996
-19.830600000000004 0.030069217659999925
-19.180400000000006 0.030069217659999925
-18.530200000000008 -0.11999851679999995
-17.88000000000001 0.1800435683399999
-17.229799999999997 -0.05995274626000002
-16.5796 0.1800435683399999
-15.929400000000001 -0.029976552880000007
-15.279200000000003 -3.594999999911863e-7
-14.629000000000005 -0.09002232341999994
-13.978800000000007 0.21001976171999992
-13.328600000000009 0.030069217659999925
-12.67840000000001 0.06004541103999994
-12.028199999999998 0.11999779779999997
-11.378 0.11999779779999997
-10.727800000000002 -0.05995274626000002
-10.077600000000004 0.06004541103999994
-9.427400000000006 -0.05995274626000002
-8.777200000000008 -0.23999667409999992
-8.12700000000001 0.09002160441999996
-7.476799999999997 -0.029976552880000007
-6.826599999999999 0.11999779779999997
-6.176400000000001 0.030069217659999925
-5.526200000000003 -3.594999999911863e-7
-4.876000000000005 0.09002160441999996
-4.225800000000007 -0.3899710247799999
-3.5756000000000085 0.23999595509999994
-2.9254000000000104 -0.029976552880000007
-2.275199999999998 0.1800435683399999
-1.625 0.21001976171999992
-0.9748000000000019 0.26997214847999995
-0.3246000000000038 0.06004541103999994
0.32559999999999434 0.29994834185999997
0.9757999999999925 0.5099684630799999
1.6259999999999906 1.76999580662
2.276200000000003 2.4899847504199997
2.926400000000001 1.8300415771599998
3.576599999999999 0.66003619754
4.226799999999997 0.21001976171999992
4.876999999999995 0.030069217659999925
5.5271999999999935 -0.11999851679999995
6.177399999999992 -0.1800442873400001
6.82759999999999 0.09002160441999996
7.477800000000002 0.06004541103999994
8.128 0.030069217659999925
8.778199999999998 -0.029976552880000007
9.428399999999996 0.09002160441999996
10.078599999999994 -3.594999999911863e-7
10.728799999999993 -3.594999999911863e-7
11.37899999999999 -0.029976552880000007
12.029200000000003 -0.029976552880000007
12.679400000000001 -0.09002232341999994
13.3296 0.030069217659999925
13.979799999999997 0.06004541103999994
14.629999999999995 0.14997399118
15.280199999999994 -3.594999999911863e-7
15.930399999999992 -3.594999999911863e-7
16.58059999999999 0.06004541103999994
17.230800000000002 0.030069217659999925
17.881 0.06004541103999994
18.5312 -3.594999999911863e-7
19.181399999999996 0.030069217659999925
19.831599999999995 -3.594999999911863e-7
20.481799999999993 -0.1800442873400001
21.13199999999999 -0.30004244463999985
21.782200000000003 -0.1800442873400001
22.4324 0.09002160441999996
23.0826 -0.029976552880000007
23.732799999999997 0.09002160441999996
24.382999999999996 0.06004541103999994
25.033199999999994 -0.1800442873400001
25.683399999999992 -0.11999851679999995
26.33359999999999 0.11999779779999997
26.983800000000002 0.11999779779999997
27.634 0.06004541103999994
28.2842 -0.11999851679999995
28.934399999999997 -0.09002232341999994
29.584599999999995 0.09002160441999996
30.234799999999993 -0.2100204807199999
30.88499999999999 -3.594999999911863e-7
31.535200000000003 0.030069217659999925
32.1854 -0.1500680939600001
32.8356 0.09002160441999996
33.4858 0.11999779779999997
34.135999999999996 0.06004541103999994
34.786199999999994 0.11999779779999997
35.43639999999999 0.41994649915999993
36.08659999999999 0.23999595509999994
36.7368 -0.2100204807199999
37.387 -0.09002232341999994
38.0372 0.06004541103999994
38.6874 -3.594999999911863e-7
39.337599999999995 0.09002160441999996
39.98779999999999 0.06004541103999994
40.63799999999999 -0.1500680939600001
41.2882 -0.09002232341999994
41.9384 -0.11999851679999995
42.5886 0.06004541103999994
43.2388 0.14997399118
43.888999999999996 0.030069217659999925
44.53920000000001 -0.05995274626000002
45.18939999999998 -0.09002232341999994
45.83959999999999 0.29994834185999997
46.489799999999974 -0.11999851679999995
47.139999999999986 0.030069217659999925
47.79019999999997 -0.029976552880000007
48.44039999999998 0.11999779779999997
49.090599999999995 0.11999779779999997
49.74079999999998 0.030069217659999925
50.39099999999999 0.030069217659999925
51.041199999999975 -0.2100204807199999
51.69139999999999 -0.029976552880000007
52.34159999999997 0.11999779779999997
52.991799999999984 -0.05995274626000002
53.641999999999996 -3.594999999911863e-7
54.29219999999998 0.030069217659999925
54.94239999999999 -0.09002232341999994
55.592599999999976 -0.11999851679999995
56.24279999999999 -3.594999999911863e-7
56.89299999999997 -0.05995274626000002
57.543199999999985 0.11999779779999997
58.19339999999997 0.14997399118
58.84359999999998 0.1800435683399999
59.49379999999999 -0.029976552880000007
60.14399999999998 0.030069217659999925
60.79419999999999 -3.594999999911863e-7
61.44439999999997 0.030069217659999925
62.094599999999986 -0.1500680939600001
62.74479999999997 0.14997399118
63.39499999999998 -3.594999999911863e-7
64.0452 -0.029976552880000007
64.69539999999998 0.1800435683399999
65.34559999999999 0.030069217659999925
65.99579999999997 -3.594999999911863e-7
66.64599999999999 0.030069217659999925
67.29619999999997 -0.09002232341999994
67.94639999999998 0.06004541103999994
68.5966 0.06004541103999994
69.24679999999998 -3.594999999911863e-7
69.89699999999999 0.11999779779999997
70.54719999999998 0.030069217659999925
71.19739999999999 -0.11999851679999995
71.84759999999997 0.030069217659999925
72.49779999999998 0.06004541103999994
73.148 0.1800435683399999
73.79819999999998 0.14997399118
74.44839999999999 0.1800435683399999
75.09859999999998 -0.1800442873400001
75.74879999999999 -0.2100204807199999
76.39899999999997 -0.1800442873400001
77.04919999999998 0.14997399118
77.69939999999997 0.14997399118
78.34959999999998 -0.09002232341999994
78.9998 -0.09002232341999994
79.64999999999998 -0.09002232341999994
80.30019999999999 -0.1500680939600001
80.95039999999997 -0.23999667409999992
81.60059999999999 -0.09002232341999994
82.25079999999997 0.06004541103999994
82.90099999999998 -0.05995274626000002
