-82.9 -0.15982639159999978
-82.24981000000001 0.09006865720000024
-81.59962 0.17635528840000037
-80.94943 0.11948455420000004
-80.29924000000001 0.1005743347000001
-79.64905 -0.04678530169999995
-78.99886000000001 0.07171874050000016
-78.34867 0.12074523550000027
-77.69848 0.09861327490000038
-77.04829000000001 -0.18630069889999978
-76.3981 0.3332400724000002
-75.74791 -0.04048189519999967
-75.09772000000001 -0.08166415100000002
-74.44753 -0.15380313649999966
-73.79734 -0.10701785269999986
-73.14715000000001 -0.04832613439999989
-72.49696 -0.16248782989999988
-71.84677 0.18588043600000015
-71.19658000000001 -0.07984316689999993
-70.54639 -0.11248080499999968
-69.89620000000001 0.24541260850000013
-69.24601000000001 -0.01849001029999986
-68.59582 0.006443464300000201
-67.94563000000001 -0.21753757999999968
-67.29544 -0.19204380259999976
-66.64525 0.03950132950000018
-65.99506 0.13713409240000018
-65.34487 0.0032217232000002483
-64.69468 0.02073118570000032
-64.04449 0.09371062539999997
-63.3943 0.021011337100000027
-62.744110000000006 -0.16388858689999974
-62.093920000000004 0.07578093580000012
-61.44373 -0.08936831449999971
-60.79354000000001 -0.007003802899999911
-60.14335 -0.03165712609999982
-59.49316 -0.10015414339999973
-58.84297 -0.26054081989999966
-58.19278 -0.09721255369999993
-57.542590000000004 0.028995652000000316
-56.8924 -0.050147118499999976
-56.24221 0.1005743347000001
-55.592020000000005 0.2857544101
-54.94183 0.24919465239999994
-54.29164 -0.18279880639999968
-53.641450000000006 -0.08516604349999968
-52.99126 0.04608488740000016
-52.34107 0.14581878579999996
-51.69088000000001 0.12340667380000037
-51.04069 0.08404540210000011
-50.3905 -0.19904758759999996
-49.74031000000001 0.1617874156000001
-49.090120000000006 0.011906416600000025
-48.439930000000004 -0.2986414102999997
-47.78974 -0.19400486239999992
-47.13955000000001 -0.34626714829999994
-46.489360000000005 0.21865814979999998
-45.83917 -0.023812886900000052
-45.18898000000001 -0.12018496849999982
-44.538790000000006 -0.16346835979999996
-43.888600000000004 -0.0764813500999999
-43.23841 0.16150726419999994
-42.58822000000001 0.049026477099999966
-41.938030000000005 -0.008824787
-41.28784 0.2507354851000003
-40.63765000000001 0.15800537170000029
-39.987460000000006 0.08684691610000028
-39.337270000000004 0.18896210140000003
-38.68708 -0.0946911910999999
-38.03689000000001 0.19204376680000035
-37.386700000000005 0.01792967170000015
-36.73651 0.03389830150000028
-36.08632000000001 -0.16837100929999993
-35.436130000000006 0.08516600770000027
-34.785940000000004 -0.10323580880000005
-34.13575 -0.004762591700000041
-33.48556000000001 0.009665205400000154
-32.835370000000005 0.0476257201000001
-32.18518 0.17775604540000023
-31.53499 0.15982635580000037
-30.884800000000006 0.19316437240000006
-30.234610000000004 0.1778961211000003
-29.58442 -0.029555990600000026
-28.934230000000007 -0.19694645209999972
-28.284040000000005 -0.12746890489999974
-27.633850000000002 0.08908812730000015
-26.98366 0.01008543250000038
-26.333470000000005 0.09665221510000022
-25.683280000000003 -0.2756689954999998
-25.03309 -0.08432558929999967
-24.382900000000006 -0.3220340521999998
-23.732710000000004 -0.1323715543999997
-23.082520000000002 -0.17845645970000001
-22.43233 0.09861327490000038
-21.782140000000005 -0.051407799799999765
-21.131950000000003 -0.08894808739999993
-20.48176 -0.32091344659999965
-19.831570000000006 0.11654296450000023
-19.181379999999997 0.18896210140000003
-18.531189999999995 0.15184204090000009
-17.881 0.3671383918000002
-17.23080999999999 0.16332824830000003
-16.580619999999996 0.11892425140000018
-15.930430000000001 -0.0012606991999999373
-15.280239999999992 -0.10463656579999991
-14.630049999999997 -0.05070742129999983
-13.979860000000002 0.04874632570000026
-13.329669999999993 0.20493073120000016
-12.679479999999998 0.19638611350000001
-12.029289999999989 0.31909242670000015
-11.379099999999994 0.1661297623000002
-10.728909999999999 -0.010085468299999789
-10.07871999999999 0.2595602542000002
-9.428529999999995 0.2594201785000001
-8.77834 0.040902086500000046
-8.12814999999999 -0.27945103940000005
-7.477959999999996 0.009665205400000154
-6.827770000000001 0.40313784669999997
-6.177579999999992 0.1799972566000001
-5.527389999999997 -0.22566197060000004
-4.877200000000002 -0.0054629701999999725
-4.227009999999993 0.12606811210000002
-3.576819999999998 0.2839334260000004
-2.9266299999999887 1.4102821297
-2.276439999999994 2.5339693951
-1.6262499999999989 1.7942296234000001
-0.9760599999999897 0.6500913058000002
-0.3258699999999948 0.25409730190000035
0.32432000000000016 0.06709624240000034
0.9745100000000093 -0.3167111755999996
1.6247000000000043 0.20338989850000022
2.274889999999999 0.1874212687000001
2.9250800000000083 -0.2487744611
3.5752700000000033 -0.1580054074999997
4.225460000000012 0.17187286600000018
4.875650000000007 0.029555954800000173
5.525840000000002 -0.07760195569999961
6.1760300000000115 0.059532154600000275
6.826220000000006 0.2728674457000002
7.476410000000001 -0.11093997229999975
8.12660000000001 -0.03431856439999992
8.776790000000005 0.12186584109999998
9.42698 0.03726011830000031
10.07717000000001 0.053648975200000226
10.727360000000004 -0.12522769369999986
11.37755 0.10519683280000036
12.027740000000009 0.11192046639999997
12.677930000000003 0.03403837720000036
13.328120000000013 0.05659056490000003
13.978310000000008 -0.17285343169999967
14.628500000000003 -0.08964846589999986
15.278690000000012 0.3669983161000001
15.928880000000007 -0.058271509099999896
16.57907 0.12900970180000026
17.22926000000001 0.1369940167000001
17.879450000000006 0.17803619680000038
18.52964 0.07928282830000022
19.17983000000001 0.1396554550000002
19.830020000000005 0.01568846050000028
20.480210000000014 0.21613678719999996
21.13040000000001 0.2112341377
21.780590000000004 0.21501618160000024
22.430780000000013 0.10855864959999995
23.080970000000008 0.1241070523000003
23.731160000000003 -0.030536520499999664
24.381350000000012 0.013447249299999964
25.031540000000007 -0.1337723114
25.68173 0.06877715080000035
26.33192000000001 0.15520385770000011
26.982110000000006 0.1252276579
27.6323 0.13489288120000031
28.28249000000001 0.06807677229999998
28.932680000000005 -0.11584262179999971
29.582870000000014 -0.204930767
30.23306000000001 0.08572631050000012
30.883250000000004 0.1696316548000003
31.533440000000013 -0.12564792079999965
32.18363000000001 -0.12438723949999986
32.83382 -0.4167252254
33.48401000000001 -0.16360843550000004
34.13420000000001 0.06051268450000036
34.78439 -0.08138399959999987
35.43458000000001 0.11093993650000034
36.084770000000006 0.21053375920000006
36.73496 0.15310272220000032
37.38515000000001 0.08726714320000006
38.035340000000005 -0.09006869299999964
38.685530000000014 0.05757109480000011
39.33572000000001 -0.0444040148
39.985910000000004 -0.2106738707
40.63610000000001 -0.09763278079999971
41.28629000000001 0.01610868760000006
41.93648 -0.000980547799999787
42.58667000000001 0.1388150008000002
43.23686000000001 -0.10519686859999977
43.88705 -0.04720552879999973
44.53724000000001 0.23952942910000008
45.187430000000006 0.21977875540000014
45.83761999999999 0.24611298700000006
46.487809999999996 -0.16570957099999983
47.138000000000005 -0.17607517279999962
47.788189999999986 0.040481859400000264
48.438379999999995 -0.19204380259999976
49.088570000000004 0.0001400578000003705
49.738759999999985 0.12648833920000024
50.388949999999994 0.12200591680000006
51.03914 0.028995652000000316
51.689329999999984 -0.015688496299999688
52.33951999999999 0.14721954280000027
52.98971 0.31531038280000034
53.63989999999998 0.23952942910000008
54.29008999999999 -0.039221213899999885
54.94028 0.3185321239000003
55.59046999999998 0.09595183660000028
56.24065999999999 0.04076201079999997
56.89085 -0.019050313099999716
57.54103999999998 -0.02227205419999967
58.19122999999999 0.0032217232000002483
58.84142 0.0649951069000001
59.49161000000001 -0.039221213899999885
60.14179999999999 0.004622480200000112
60.79199 -0.02941591489999995
61.44218000000001 0.1644488539000002
62.09236999999999 -0.05617037359999966
62.74256 -0.1267685263999998
63.39275000000001 -0.1575851803999999
64.04293999999999 -0.06961764079999977
64.69313 -0.0015408505999996436
65.34332 -0.04594484749999994
65.99350999999999 -0.13545321980000002
66.6437 -0.18279880639999968
67.29389 0.012886946500000107
67.94407999999999 -0.01470796640000005
68.59427 0.05785124620000026
69.24446 0.026894516500000076
69.89464999999998 0.14763976990000005
70.54484 -0.1923239539999999
71.19503 0.021851791300000034
71.84521999999998 -0.08488589209999997
72.49540999999999 0.21613678719999996
73.1456 0.10925902810000032
73.79578999999998 -0.19162357549999998
74.44597999999999 -0.10757815549999972
75.09617 -0.16080692149999987
75.74636000000001 0.06093291160000014
76.39654999999999 -0.020591145799999655
77.04674 -0.05448946519999964
77.69693000000001 -0.004762591700000041
78.34711999999999 -0.05406923809999986
78.99731 -0.12606814789999987
79.64750000000001 -0.08628664909999983
80.29768999999999 0.029555954800000173
80.94788 0.14455810450000017
81.59807 0.036839891200000086
82.24825999999999 -0.0694775650999997
82.89845 0.025633835200000288
