-82.9 0.10850219204
-82.24980000000001 0.16439238968999992
-81.59960000000001 -0.01605310558000017
-80.94940000000001 0.036643366489999885
-80.2992 0.02185137432999995
-79.649 0.07454784639999978
-78.9988 0.3919873599699999
-78.3486 0.01857360333999991
-77.6984 -0.026979008880000155
-77.04820000000001 0.1302699532299998
-76.39800000000001 -0.0685814868300001
-75.74780000000001 -0.0979133349200001
-75.0976 0.20229686959999982
-74.4474 0.1396830391499999
-73.7972 -0.015885014760000038
-73.147 0.05849517308999985
-72.49680000000001 0.1612827095199998
-71.84660000000001 -0.06177380862000015
-71.19640000000001 -0.20473505103000011
-70.5462 -0.17767242901000002
-69.896 -0.0566470386100002
-69.2458 -0.18666528788000014
-68.5956 0.03504650369999984
-67.9454 0.07017748507999988
-67.29520000000001 0.17809179152
-66.64500000000001 0.032357050579999935
-65.99480000000001 -0.1611995286500001
-65.34460000000001 0.11808336877999981
-64.6944 -0.10177942378000004
-64.0442 -0.09379510983000006
-63.394000000000005 -0.07564130127000013
-62.74380000000001 0.1493482612999999
-62.09360000000001 0.1931359199099998
-61.44340000000001 -0.0583279468100002
-60.793200000000006 -0.02891205331000002
-60.14300000000001 0.03588695779999984
-59.4928 -0.06908575929000005
-58.842600000000004 0.07160625704999979
-58.192400000000006 -0.18389178935000006
-57.54220000000001 0.1906145576099998
-56.89200000000001 0.22927544620999996
-56.24180000000001 0.0265579172899999
-55.59160000000001 -0.07127093995
-54.94140000000001 -0.10446887690000017
-54.2912 0.14170012898999995
-53.641000000000005 -0.0983335619700001
-52.99080000000001 -0.09085352048000006
-52.34060000000001 -0.048998906300000034
-51.69040000000001 -0.19523791970000004
-51.04020000000001 -0.30844708697
-50.39 -0.03269409676000001
-49.7398 -0.022020329690000118
-49.089600000000004 0.2503708441199999
-48.439400000000006 0.04731713355999978
-47.7892 0.05849517308999985
-47.139 -0.024877873630000158
-46.488800000000005 0.04160204567999992
-45.83860000000001 0.1516174873699998
-45.1884 -0.03538354988000014
-44.5382 0.10892241909
-43.888000000000005 -0.022860783790000117
-43.23780000000001 -0.12506000235000014
-42.5876 -0.014540288200000084
-41.937400000000004 -0.2758374678900002
-41.287200000000006 -0.09959424312000009
-40.637 -0.17330206769000012
-39.9868 -0.02134796641000003
-39.336600000000004 0.06185698948999985
-38.686400000000006 -0.059756718780000107
-38.0362 0.09034838347999985
-37.386 0.01840551252
-36.735800000000005 -0.03244196053000015
-36.08560000000001 -0.011514653440000133
-35.4354 -0.0015132496500001036
-34.7852 -0.05866412845000002
-34.135000000000005 -0.06068121829000006
-33.48480000000001 0.10194665005999992
-32.8346 -0.004202702770000011
-32.184400000000004 0.09564324430999993
-31.534200000000006 0.19120287547999992
-30.884 -0.10623383051000013
-30.233800000000002 -0.0924503832700001
-29.583600000000004 0.0032773387199998005
-28.933400000000006 -0.15666107651000005
-28.2832 -0.1211939134900002
-27.633000000000003 0.04420745338999987
-26.982800000000005 0.19011028514999984
-26.332600000000006 -0.010085881470000002
-25.6824 0.03798809304999984
-25.032200000000003 -0.1557365770000001
-24.382000000000005 -0.08093616210000021
-23.731800000000007 -0.1421212205800002
-23.0816 -0.13649017811000008
-22.431400000000004 -0.29953827351000006
-21.781200000000005 -0.17615961163000016
-21.131 0.1556516670499999
-20.480800000000002 -0.047402043510000214
-19.830600000000004 0.1497684883499999
-19.180400000000006 0.10119024136999988
-18.530200000000008 0.1845632880899999
-17.88000000000001 -0.034122868730000144
-17.229799999999997 -0.17926929180000006
-16.5796 -0.09001306638000006
-15.929400000000001 0.02756646220999981
-15.279200000000003 -0.03134937020000006
-14.629000000000005 0.09539110807999984
-13.978800000000007 0.16993938674999987
-13.328600000000009 -0.25617084195000017
-12.67840000000001 -0.15380353257
-12.028199999999998 0.21608031683999984
-11.378 0.045384089129999916
-10.727800000000002 -0.04790631597000017
-10.077600000000004 -0.16145166488000018
-9.427400000000006 0.06160485325999998
-8.777200000000008 -0.05723535648000011
-8.12700000000001 -0.0834575244000002
-7.476799999999997 0.013026606279999964
-6.826599999999999 0.20389373238999986
-6.176400000000001 -0.02336505625000007
-5.526200000000003 0.28121550958999997
-4.876000000000005 0.24684093689999997
-4.225800000000007 0.7328755429299999
-3.5756000000000085 1.651239738
-2.9254000000000104 1.43112480921
-2.275199999999998 0.46603136617999996
-1.625 0.014455378249999873
-0.9748000000000019 0.1780077461099998
-0.3246000000000038 -0.12295886710000015
0.32559999999999434 0.06790825900999997
0.9757999999999925 -0.19002710428000014
1.6259999999999906 0.20095214303999986
2.276200000000003 0.06101653538999985
2.926400000000001 0.11530987024999995
3.576599999999999 -0.0036143849000001005
4.226799999999997 -0.07236353028000009
4.876999999999995 0.09160906462999985
5.5271999999999935 -0.026306645600000067
6.177399999999992 0.049502314219999954
6.82759999999999 -0.04488068121000022
7.477800000000002 -0.22230054172000013
8.128 0.06950512179999979
8.778199999999998 -0.12674091055000014
9.428399999999996 -0.10371246821000013
10.078599999999994 -0.07438062012000013
10.728799999999993 -0.013279607050000086
11.37899999999999 -0.0358878223400001
12.029200000000003 -0.18120233623000015
12.679400000000001 -0.21717377171000019
13.3296 -0.13649017811000008
13.979799999999997 0.14321294636999982
14.629999999999995 0.07387548311999992
15.280199999999994 0.10556060268999978
15.930399999999992 0.3066812688199998
16.58059999999999 -0.015380742300000083
17.230800000000002 0.07286693819999979
17.881 0.058831354729999896
18.5312 -0.07933929931000017
19.181399999999996 0.10850219204
19.831599999999995 0.058243036859999986
20.481799999999993 -0.13733063221000008
21.13199999999999 -0.23717657929000002
21.782200000000003 -0.2754172408400002
22.4324 0.04958635962999991
23.0826 -0.1808661545900001
23.732799999999997 -0.4557786907000001
24.382999999999996 -0.05076385991000021
25.033199999999994 0.0007559764199998042
25.683399999999992 0.16439238968999992
26.33359999999999 -0.10228369624000022
26.983800000000002 0.017901240059999823
27.634 0.09892101529999997
28.2842 0.10488823940999992
28.934399999999997 -0.2087692307100002
29.584599999999995 -0.06454730715000001
30.234799999999993 0.09555919889999998
30.88499999999999 0.04244249977999992
31.535200000000003 0.008656244959999837
32.1854 0.19422851023999987
32.8356 -0.006051701790000141
33.4858 -0.03118127938000015
34.135999999999996 -0.051436223190000074
34.786199999999994 -0.15817389389000014
35.43639999999999 -0.07715411865000021
36.08659999999999 -0.0916099291700001
36.7368 0.04202227272999992
37.387 -0.03538354988000014
38.0372 -0.17674792950000007
38.6874 0.11657055139999994
39.337599999999995 0.01613628644999987
39.98779999999999 -0.04647754400000004
40.63799999999999 0.13892663045999987
41.2882 -0.13665826893000022
41.9384 -0.03689636726000001
42.5886 -0.19616241921000022
43.2388 0.19279973826999997
43.888999999999996 0.08538970428999981
44.53920000000001 -0.08581079588000007
45.18939999999998 0.1311104073299998
45.83959999999999 0.055805719969999945
46.489799999999974 0.006471064299999885
47.139999999999986 -0.05294904057000016
47.79019999999997 -0.010842290160000045
48.44039999999998 0.17372143019999986
49.090599999999995 -0.10589764887000008
49.74079999999998 0.1214451851799998
50.39099999999999 0.0925335641399998
51.041199999999975 -0.1559887132300002
51.69139999999999 0.09177715544999998
52.34159999999997 -0.07572534668000008
52.991799999999984 -0.037988957590000094
53.641999999999996 -0.22541022189000004
54.29219999999998 -0.07227948487000013
54.94239999999999 -0.06454730715000001
55.592599999999976 0.04042540993999988
56.24279999999999 0.13052208945999988
56.89299999999997 0.23196489932999986
57.543199999999985 -0.06513562502000014
58.19339999999997 -0.14615540026000007
58.84359999999998 0.1562399849199998
59.49379999999999 -0.11959705070000015
60.14399999999998 -0.1526268968300002
60.79419999999999 -0.0031101124400001456
61.44439999999997 0.06866466769999979
62.094599999999986 -0.12901013662000005
62.74479999999997 0.05320031225999999
63.39499999999998 0.024961054499999857
64.0452 -0.07311993897000013
64.69539999999998 -0.1485927171500001
65.34559999999999 0.09900506070999993
65.99579999999997 0.07538830049999978
66.64599999999999 0.02000237530999982
67.29619999999997 0.19414446482999992
67.94639999999998 0.16405620804999987
68.5966 0.14691094440999986
69.24679999999998 0.19910314401999996
69.89699999999999 0.08496947723999981
70.54719999999998 0.12539531944999993
71.19739999999999 0.008067927089999927
71.84759999999997 -0.17120093244000012
72.49779999999998 -0.02950037118000015
73.148 -0.12884204580000014
73.79819999999998 -0.14186908435000012
74.44839999999999 0.059671808829999895
75.09859999999998 0.06437835178999984
75.74879999999999 -0.03647614021000001
76.39899999999997 0.07648089082999987
77.04919999999998 -0.006387883430000185
77.69939999999997 -0.2540697067000002
78.34959999999998 0.03412200418999989
78.9998 0.23406603457999986
79.64999999999998 0.1690148872399999
80.30019999999999 0.07101793917999988
80.95039999999997 -0.07942334472000012
81.60059999999999 0.0269781443399999
82.25079999999997 0.11388109827999982
82.90099999999998 -0.1132095995400002
