-82.9 -0.1395998582800002
-82.24980000000001 -0.17590747540000007
-81.59960000000001 0.05782280980999999
-80.94940000000001 -0.01664142345000008
-80.2992 -0.09824951656000014
-79.649 -0.0009249317800001933
-78.9988 -0.054041630900000026
-78.3486 0.12026854943999998
-77.6984 -0.10816687494000021
-77.04820000000001 0.015043696119999783
-76.39800000000001 0.06664757785999997
-75.74780000000001 0.09488683561999989
-75.0976 0.10606487514999996
-74.4474 0.04025731911999997
-73.7972 -0.05681512943000011
-73.147 -0.05933649173000011
-72.49680000000001 0.06471453342999989
-71.84660000000001 -0.09303870114000001
-71.19640000000001 -0.0941312914700001
-70.5462 -0.21893872532000014
-69.896 0.07185839327999988
-69.2458 0.08967602019999998
-68.5956 0.15825707475999984
-67.9454 0.2651628362799998
-67.29520000000001 0.0848013864199999
-66.64500000000001 0.00983288069999988
-65.99480000000001 0.25314434264999996
-65.34460000000001 -0.09429938229000001
-64.6944 -0.09505579098000005
-64.0442 0.10018169644999997
-63.394000000000005 0.11673864221999986
-62.74380000000001 0.01613628644999987
-62.09360000000001 0.0812714792
-61.44340000000001 0.007395563809999839
-60.793200000000006 0.025381281549999857
-60.14300000000001 0.31264849292999997
-59.4928 -0.17405847638000016
-58.842600000000004 0.17901629102999994
-58.192400000000006 -0.24390021209
-57.54220000000001 0.11472155237999981
-56.89200000000001 0.26356597349
-56.24180000000001 -0.01933087657000021
-55.59160000000001 0.10825005580999991
-54.94140000000001 0.030592096969999982
-54.2912 -0.05278094975000003
-53.641000000000005 0.08009484345999995
-52.99080000000001 0.015295832349999872
-52.34060000000001 0.009916926109999835
-51.69040000000001 0.19120287547999992
-51.04020000000001 -0.0268949634700002
-50.39 -0.32887012160000006
-49.7398 -0.11009991937000008
-49.089600000000004 -0.13766681385000012
-48.439400000000006 -0.13111127187000005
-47.7892 0.10077001431999988
-47.139 0.15548357622999998
-46.488800000000005 0.025801508599999856
-45.83860000000001 -0.18691742411
-45.1884 -0.22103986057000014
-44.5382 -0.1492650804300002
-43.888000000000005 -0.0618578540300001
-43.23780000000001 0.11774718713999999
-42.5876 -0.06891766847000014
-41.937400000000004 -0.037316594310000006
-41.287200000000006 -0.35719342477000016
-40.637 -0.06942194093000009
-39.9868 -0.16422516341000004
-39.336600000000004 -0.05194049565000003
-38.686400000000006 -0.07379230225000022
-38.0362 0.05790685521999994
-37.386 -0.13161554433000022
-36.735800000000005 0.037651911409999794
-36.08560000000001 -0.019835149030000165
-35.4354 0.012186152179999965
-34.7852 -0.23818512421000015
-34.135000000000005 0.13674144979999991
-33.48480000000001 0.021347101869999996
-32.8346 0.015463923169999783
-32.184400000000004 -0.08648315916000016
-31.534200000000006 -0.09858569820000018
-30.884 -0.04992340581000021
-30.233800000000002 0.3508891544799999
-29.583600000000004 0.1422044014499999
-28.933400000000006 0.23154467227999986
-28.2832 -0.1796054734400001
-27.633000000000003 -0.2865112349600001
-26.982800000000005 -0.20397864234000007
-26.332600000000006 -0.12195032218000001
-25.6824 -0.022860783790000117
-25.032200000000003 -0.06967407716000018
-24.382000000000005 -0.012775334590000131
-23.731800000000007 -0.08244897948000007
-23.0816 -0.10766260248000004
-22.431400000000004 -0.07034644044000005
-21.781200000000005 0.1417841743999999
-21.131 0.1558197578699998
-20.480800000000002 0.011345698079999966
-19.830600000000004 0.04420745338999987
-19.180400000000006 0.14665880818
-18.530200000000008 -0.12169818595000015
-17.88000000000001 -0.10816687494000021
-17.229799999999997 0.14817162555999985
-16.5796 0.06555498752999989
-15.929400000000001 -8.447768000019451e-5
-15.279200000000003 -0.028407780850000064
-14.629000000000005 0.1765789741399999
-13.978800000000007 -0.0652196704300001
-13.328600000000009 -0.2083490036600002
-12.67840000000001 0.1493482612999999
-12.028199999999998 -0.007228337530000184
-11.378 0.005462519379999975
-10.727800000000002 0.10665319301999987
-10.077600000000004 0.0004197947799999824
-9.427400000000006 0.13413604208999996
-8.777200000000008 0.1893538764599998
-8.12700000000001 -0.025802373140000112
-7.476799999999997 0.19095073924999983
-6.826599999999999 0.0881632028199999
-6.176400000000001 -0.20271796119000007
-5.526200000000003 0.13623717733999996
-4.876000000000005 0.3408037052799999
-4.225800000000007 0.09833269742999984
-3.5756000000000085 0.32231371507999995
-2.9254000000000104 0.2783579656499999
-2.275199999999998 0.2126344550299999
-1.625 1.45331279745
-0.9748000000000019 1.9326237706799998
-0.3246000000000038 1.26563939692
0.32559999999999434 0.9222298516599999
0.9757999999999925 0.5455383240399999
1.6259999999999906 0.2742397405599999
2.276200000000003 0.12674004600999988
2.926400000000001 0.08765893035999994
3.576599999999999 0.015884150219999782
4.226799999999997 -0.18826215067000018
4.876999999999995 -0.20507123267000016
5.5271999999999935 0.021179011049999863
6.177399999999992 -0.060176945830000106
6.82759999999999 -0.10900732904000021
7.477800000000002 -0.06496753420000001
8.128 -0.0013451588300001927
8.778199999999998 0.024036554989999903
9.428399999999996 0.12640386436999984
10.078599999999994 0.04555217994999983
10.728799999999993 0.0669837594999998
11.37899999999999 -0.17027643293000017
12.029200000000003 -0.07765839111000017
12.679400000000001 0.05126726782999991
13.3296 0.07732134492999987
13.979799999999997 -0.059588627960000196
14.629999999999995 0.07933843476999991
15.280199999999994 0.33929088789999984
15.930399999999992 -0.0562268115600002
16.58059999999999 -0.018742558700000078
17.230800000000002 -0.023028874610000027
17.881 0.0036135203599998444
18.5312 -0.18868237772000018
19.181399999999996 -0.22759540255000021
19.831599999999995 0.05404076635999999
20.481799999999993 0.2742397405599999
21.13199999999999 -0.13043890859000018
21.782200000000003 -0.1842279709900001
22.4324 -0.0664803515800001
23.0826 0.09623156217999984
23.732799999999997 -0.22549426730000022
24.382999999999996 0.10194665005999992
25.033199999999994 0.03395391336999998
25.683399999999992 -0.11522668938000002
26.33359999999999 0.0012602488799999811
26.983800000000002 0.04454363502999992
27.634 -0.10346033198000004
28.2842 0.005630610199999886
28.934399999999997 0.0012602488799999811
29.584599999999995 0.04303081764999983
30.234799999999993 -0.036560185620000185
30.88499999999999 0.0661433053999998
31.535200000000003 -0.12993463613
32.1854 0.004706110689999932
32.8356 -0.04219122809000009
33.4858 0.16767016067999996
34.135999999999996 -0.005295293100000098
34.786199999999994 0.037231684359999795
35.43639999999999 -0.08614697752000011
36.08659999999999 0.11547796106999986
36.7368 -0.07404443848000009
37.387 -0.009329472780000181
38.0372 0.0563099924299999
38.6874 0.09413042692999984
39.337599999999995 0.08404497772999986
39.98779999999999 -0.03319836922000019
40.63799999999999 0.07580852754999978
41.2882 -0.14455853747000003
41.9384 -0.003530339490000145
42.5886 0.31853167162999996
43.2388 -0.007060246710000051
43.888999999999996 -0.026810918060000022
44.53920000000001 0.10261901333999979
45.18939999999998 0.20490227731
45.83959999999999 0.11438537073999999
46.489799999999974 0.1893538764599998
47.139999999999986 0.12909331748999997
47.79019999999997 0.04059350075999979
48.44039999999998 -0.03622400398000014
49.090599999999995 0.24095775819999998
49.74079999999998 0.008320063319999793
50.39099999999999 0.20960882026999994
51.041199999999975 -0.0260545093700002
51.69139999999999 0.13447222372999978
52.34159999999997 0.19448064646999996
52.991799999999984 0.10060192349999997
53.641999999999996 0.08278429657999986
54.29219999999998 0.022775873839999905
54.94239999999999 -0.0855586596500002
55.592599999999976 0.05916753636999994
56.24279999999999 -0.14640753649000016
56.89299999999997 -0.14228931140000012
57.543199999999985 0.02554937236999999
58.19339999999997 0.0326091868099998
58.84359999999998 -0.15548444077
59.49379999999999 -0.3064299971300002
60.14399999999998 -0.12657281973
60.79419999999999 -0.2904613692300002
61.44439999999997 0.12800072715999988
62.094599999999986 0.15573571245999984
62.74479999999997 -0.02059155772000021
63.39499999999998 0.011681879719999788
64.0452 0.10009765103999979
64.69539999999998 0.11270446254
65.34559999999999 -0.13615399647000004
65.99579999999997 0.04025731911999997
66.64599999999999 -0.08034784423000008
67.29619999999997 0.07975866181999991
67.94639999999998 0.0321889597599998
68.5966 0.19111883006999997
69.24679999999998 0.13136254355999988
69.89699999999999 0.11648650598999999
70.54719999999998 -0.15229071519000015
71.19739999999999 -0.08059998046000016
71.84759999999997 -0.0050431568700000096
72.49779999999998 -0.11606714348000002
73.148 -0.2470939376700001
73.79819999999998 -0.3818187299000002
74.44839999999999 -0.19977637184000008
75.09859999999998 0.03739977517999993
75.74879999999999 0.0831204782199999
76.39899999999997 0.04521599830999978
77.04919999999998 -0.13178363515000013
77.69939999999997 -0.046141362360000215
78.34959999999998 -0.14195312976000007
78.9998 -0.1190927782400002
79.64999999999998 0.19977550729999982
80.30019999999999 -0.02160010264000012
80.95039999999997 -0.1251440477600001
81.60059999999999 0.07278289278999983
82.25079999999997 0.17893224561999999
82.90099999999998 -0.17926929180000006
