%%    119.070    28.000    0     0.125  -100.000   100.000
% HI4PI gauss data -------------
%   l, b, RA, DEC, beam interpolated N_HI, N_H2_dark, N_H2_tot  
% 119.070 ;  28.000 ; 267.685 ;  86.467 ;  0.603E+21 ;  0.195E+21 ;  0.465E+21
% nearest HEALPix pixel: l, b, RA, DEC, N_HI, N_H2_dark, N_H2_tot
% 119.092 ;  27.995 ; 267.687 ;  86.487 ;  0.601E+21 ;  0.200E+21 ;  0.471E+21
% GASS III survey --------------
% NH - median within 6 arcmin radius   0.00    
% NH - mean within specified beam      0.00    
% EBHIS survey -----------------
% NH  within specified beam           0.603E+21
%%EBHIS   160  datapoints: v_lsr [km/s] and T_B [K]
     -99.09     0.051
     -97.80     0.092
     -96.52     0.120
     -95.23     0.094
     -93.94     0.160
     -92.65     0.189
     -91.36     0.138
     -90.08     0.142
     -88.79     0.107
     -87.50     0.083
     -86.21     0.066
     -84.92    -0.022
     -83.63     0.255
     -82.35     0.168
     -81.06     0.110
     -79.77     0.132
     -78.48     0.270
     -77.19     0.379
     -75.90     0.242
     -74.62     0.218
     -73.33     0.218
     -72.04     0.324
     -70.75     0.359
     -69.46     0.303
     -68.18     0.325
     -66.89     0.236
     -65.60     0.278
     -64.31     0.328
     -63.02     0.273
     -61.73     0.235
     -60.45     0.260
     -59.16     0.189
     -57.87     0.302
     -56.58     0.461
     -55.29     0.294
     -54.00     0.354
     -52.72     0.339
     -51.43     0.388
     -50.14     0.490
     -48.85     0.290
     -47.56     0.401
     -46.28     0.504
     -44.99     0.661
     -43.70     0.752
     -42.41     0.781
     -41.12     0.843
     -39.83     0.912
     -38.55     1.031
     -37.26     1.201
     -35.97     1.107
     -34.68     1.170
     -33.39     1.287
     -32.10     1.333
     -30.82     1.276
     -29.53     1.518
     -28.24     1.737
     -26.95     1.833
     -25.66     2.051
     -24.38     2.322
     -23.09     2.739
     -21.80     3.362
     -20.51     4.096
     -19.22     4.918
     -17.93     5.791
     -16.65     6.601
     -15.36     7.051
     -14.07     6.879
     -12.78     6.783
     -11.49     6.635
     -10.20     6.638
      -8.92     7.912
      -7.63    13.089
      -6.34    23.008
      -5.05    31.085
      -3.76    27.797
      -2.48    18.174
      -1.19    10.076
       0.10     6.134
       1.39     4.261
       2.68     3.203
       3.97     2.778
       5.25     2.467
       6.54     2.165
       7.83     1.953
       9.12     1.775
      10.41     1.610
      11.70     1.277
      12.98     1.265
      14.27     0.846
      15.56     0.604
      16.85     0.559
      18.14     0.344
      19.42     0.334
      20.71     0.157
      22.00     0.123
      23.29     0.103
      24.58     0.024
      25.87     0.235
      27.15     0.132
      28.44    -0.060
      29.73     0.112
      31.02    -0.098
      32.31    -0.000
      33.60     0.005
      34.88    -0.018
      36.17    -0.002
      37.46    -0.048
      38.75     0.015
      40.04     0.058
      41.32     0.132
      42.61     0.148
      43.90    -0.023
      45.19     0.146
      46.48     0.037
      47.77     0.046
      49.05    -0.114
      50.34    -0.045
      51.63    -0.040
      52.92    -0.019
      54.21     0.042
      55.50     0.034
      56.78    -0.067
      58.07    -0.160
      59.36     0.046
      60.65     0.036
      61.94     0.116
      63.22     0.057
      64.51     0.076
      65.80    -0.040
      67.09    -0.008
      68.38    -0.113
      69.67    -0.023
      70.95    -0.003
      72.24     0.187
      73.53    -0.065
      74.82    -0.039
      76.11    -0.113
      77.40    -0.030
      78.68     0.086
      79.97     0.040
      81.26    -0.069
      82.55     0.021
      83.84    -0.093
      85.12    -0.101
      86.41    -0.088
      87.70     0.003
      88.99    -0.024
      90.28    -0.005
      91.57    -0.020
      92.85     0.011
      94.14     0.039
      95.43     0.033
      96.72     0.068
      98.01     0.052
      99.30    -0.081
%%GASS      0  datapoints: v_lsr [km/s] and T_B [K]
%%gauss   201  datapoints: v_lsr [km/s] and T_B [K]
    -100.00     0.062
     -99.00     0.067
     -98.00     0.072
     -97.00     0.077
     -96.00     0.083
     -95.00     0.089
     -94.00     0.095
     -93.00     0.101
     -92.00     0.108
     -91.00     0.116
     -90.00     0.123
     -89.00     0.131
     -88.00     0.139
     -87.00     0.148
     -86.00     0.156
     -85.00     0.165
     -84.00     0.174
     -83.00     0.183
     -82.00     0.192
     -81.00     0.201
     -80.00     0.210
     -79.00     0.218
     -78.00     0.226
     -77.00     0.234
     -76.00     0.242
     -75.00     0.248
     -74.00     0.254
     -73.00     0.260
     -72.00     0.265
     -71.00     0.269
     -70.00     0.272
     -69.00     0.275
     -68.00     0.277
     -67.00     0.278
     -66.00     0.280
     -65.00     0.281
     -64.00     0.281
     -63.00     0.282
     -62.00     0.284
     -61.00     0.285
     -60.00     0.288
     -59.00     0.291
     -58.00     0.296
     -57.00     0.303
     -56.00     0.311
     -55.00     0.322
     -54.00     0.335
     -53.00     0.351
     -52.00     0.370
     -51.00     0.392
     -50.00     0.419
     -49.00     0.449
     -48.00     0.483
     -47.00     0.522
     -46.00     0.565
     -45.00     0.612
     -44.00     0.662
     -43.00     0.717
     -42.00     0.774
     -41.00     0.833
     -40.00     0.894
     -39.00     0.957
     -38.00     1.020
     -37.00     1.083
     -36.00     1.146
     -35.00     1.207
     -34.00     1.267
     -33.00     1.325
     -32.00     1.383
     -31.00     1.441
     -30.00     1.503
     -29.00     1.573
     -28.00     1.659
     -27.00     1.772
     -26.00     1.926
     -25.00     2.138
     -24.00     2.423
     -23.00     2.797
     -22.00     3.267
     -21.00     3.828
     -20.00     4.460
     -19.00     5.126
     -18.00     5.770
     -17.00     6.332
     -16.00     6.751
     -15.00     6.987
     -14.00     7.026
     -13.00     6.897
     -12.00     6.678
     -11.00     6.509
     -10.00     6.665
      -9.00     7.779
      -8.00    11.057
      -7.00    17.544
      -6.00    25.818
      -5.00    31.070
      -4.00    29.342
      -3.00    22.220
      -2.00    14.599
      -1.00     9.356
       0.00     6.374
       1.00     4.681
       2.00     3.674
       3.00     3.077
       4.00     2.722
       5.00     2.493
       6.00     2.315
       7.00     2.149
       8.00     1.980
       9.00     1.803
      10.00     1.620
      11.00     1.436
      12.00     1.255
      13.00     1.081
      14.00     0.919
      15.00     0.770
      16.00     0.637
      17.00     0.520
      18.00     0.420
      19.00     0.335
      20.00     0.264
      21.00     0.206
      22.00     0.160
      23.00     0.123
      24.00     0.093
      25.00     0.071
      26.00     0.053
      27.00     0.040
      28.00     0.030
      29.00     0.023
      30.00     0.017
      31.00     0.013
      32.00     0.010
      33.00     0.008
      34.00     0.006
      35.00     0.005
      36.00     0.004
      37.00     0.003
      38.00     0.003
      39.00     0.002
      40.00     0.002
      41.00     0.002
      42.00     0.002
      43.00     0.001
      44.00     0.001
      45.00     0.001
      46.00     0.001
      47.00     0.001
      48.00     0.001
      49.00     0.001
      50.00     0.001
      51.00     0.001
      52.00     0.001
      53.00     0.001
      54.00     0.001
      55.00     0.001
      56.00     0.000
      57.00     0.000
      58.00     0.000
      59.00     0.000
      60.00     0.000
      61.00     0.000
      62.00     0.000
      63.00     0.000
      64.00     0.000
      65.00     0.000
      66.00     0.000
      67.00     0.000
      68.00     0.000
      69.00     0.000
      70.00     0.000
      71.00     0.000
      72.00     0.000
      73.00     0.000
      74.00     0.000
      75.00     0.000
      76.00     0.000
      77.00     0.000
      78.00     0.000
      79.00     0.000
      80.00     0.000
      81.00     0.000
      82.00     0.000
      83.00     0.000
      84.00     0.000
      85.00     0.000
      86.00     0.000
      87.00     0.000
      88.00     0.000
      89.00     0.000
      90.00     0.000
      91.00     0.000
      92.00     0.000
      93.00     0.000
      94.00     0.000
      95.00     0.000
      96.00     0.000
      97.00     0.000
      98.00     0.000
      99.00     0.000
     100.00     0.000
%% HI4PI Gaussians - height, velocity, width (sigma) 
%     18.760    -4.903     1.659
%      5.840   -14.253     5.161
%      9.663    -3.873     2.715
%      2.591     1.731     8.631
%      1.428   -27.453    11.429
%      0.274   -65.289    20.181
%     -0.395   385.818    -0.852
%% component flagged & excluded if width negative ---
%% Gaussians are derived from EBHIS                  
