%%    121.930    19.750    0     0.125  -100.000   100.000
% HI4PI gauss data -------------
%   l, b, RA, DEC, beam interpolated N_HI, N_H2_dark, N_H2_tot  
% 121.930 ;  19.750 ;   5.553 ;  82.565 ;  0.102E+22 ;  0.313E+21 ;  0.743E+21
% nearest HEALPix pixel: l, b, RA, DEC, N_HI, N_H2_dark, N_H2_tot
% 121.904 ;  19.748 ;   5.369 ;  82.560 ;  0.102E+22 ;  0.318E+21 ;  0.752E+21
% GASS III survey --------------
% NH - median within 6 arcmin radius   0.00    
% NH - mean within specified beam      0.00    
% EBHIS survey -----------------
% NH  within specified beam           0.102E+22
%%EBHIS   160  datapoints: v_lsr [km/s] and T_B [K]
     -99.09     0.368
     -97.80     0.288
     -96.52     0.241
     -95.23     0.143
     -93.94     0.317
     -92.65     0.301
     -91.36     0.158
     -90.08     0.186
     -88.79     0.231
     -87.50     0.383
     -86.21     0.292
     -84.92     0.372
     -83.63     0.478
     -82.35     0.379
     -81.06     0.419
     -79.77     0.716
     -78.48     0.709
     -77.19     0.991
     -75.90     1.270
     -74.62     1.597
     -73.33     2.018
     -72.04     2.393
     -70.75     3.177
     -69.46     3.536
     -68.18     3.839
     -66.89     4.049
     -65.60     4.053
     -64.31     3.961
     -63.02     3.849
     -61.73     3.557
     -60.45     3.075
     -59.16     2.750
     -57.87     2.361
     -56.58     1.931
     -55.29     1.799
     -54.00     1.406
     -52.72     1.291
     -51.43     1.266
     -50.14     1.108
     -48.85     1.061
     -47.56     1.154
     -46.28     1.153
     -44.99     1.169
     -43.70     0.970
     -42.41     0.989
     -41.12     1.001
     -39.83     1.301
     -38.55     1.283
     -37.26     1.214
     -35.97     1.294
     -34.68     1.512
     -33.39     1.487
     -32.10     1.556
     -30.82     1.808
     -29.53     2.152
     -28.24     2.181
     -26.95     2.741
     -25.66     3.177
     -24.38     3.658
     -23.09     4.245
     -21.80     5.021
     -20.51     5.954
     -19.22     7.203
     -17.93     8.730
     -16.65    11.758
     -15.36    16.293
     -14.07    20.210
     -12.78    20.913
     -11.49    18.561
     -10.20    15.457
      -8.92    14.511
      -7.63    15.380
      -6.34    15.415
      -5.05    15.884
      -3.76    18.819
      -2.48    21.123
      -1.19    19.730
       0.10    20.103
       1.39    20.672
       2.68    11.826
       3.97     6.290
       5.25     4.755
       6.54     3.915
       7.83     3.305
       9.12     2.898
      10.41     2.398
      11.70     1.927
      12.98     1.650
      14.27     1.338
      15.56     1.060
      16.85     0.805
      18.14     0.605
      19.42     0.555
      20.71     0.361
      22.00     0.142
      23.29     0.142
      24.58     0.045
      25.87     0.101
      27.15     0.046
      28.44    -0.070
      29.73    -0.110
      31.02    -0.106
      32.31     0.027
      33.60    -0.012
      34.88     0.017
      36.17     0.072
      37.46     0.060
      38.75    -0.010
      40.04    -0.062
      41.32     0.035
      42.61    -0.131
      43.90     0.101
      45.19     0.051
      46.48     0.118
      47.77    -0.033
      49.05    -0.010
      50.34    -0.105
      51.63     0.011
      52.92    -0.017
      54.21    -0.080
      55.50     0.020
      56.78    -0.019
      58.07     0.103
      59.36    -0.021
      60.65     0.029
      61.94     0.060
      63.22     0.027
      64.51     0.099
      65.80     0.083
      67.09    -0.063
      68.38    -0.005
      69.67    -0.030
      70.95     0.100
      72.24    -0.057
      73.53     0.071
      74.82     0.013
      76.11     0.024
      77.40    -0.028
      78.68     0.102
      79.97    -0.058
      81.26    -0.044
      82.55     0.006
      83.84    -0.026
      85.12    -0.091
      86.41     0.016
      87.70    -0.030
      88.99     0.133
      90.28     0.085
      91.57     0.052
      92.85     0.124
      94.14    -0.139
      95.43    -0.145
      96.72     0.051
      98.01    -0.062
      99.30     0.020
%%GASS      0  datapoints: v_lsr [km/s] and T_B [K]
%%gauss   201  datapoints: v_lsr [km/s] and T_B [K]
    -100.00     0.426
     -99.00     0.398
     -98.00     0.372
     -97.00     0.348
     -96.00     0.327
     -95.00     0.308
     -94.00     0.292
     -93.00     0.279
     -92.00     0.269
     -91.00     0.262
     -90.00     0.258
     -89.00     0.258
     -88.00     0.261
     -87.00     0.269
     -86.00     0.281
     -85.00     0.300
     -84.00     0.327
     -83.00     0.363
     -82.00     0.413
     -81.00     0.479
     -80.00     0.568
     -79.00     0.682
     -78.00     0.829
     -77.00     1.013
     -76.00     1.237
     -75.00     1.505
     -74.00     1.813
     -73.00     2.164
     -72.00     2.555
     -71.00     2.959
     -70.00     3.321
     -69.00     3.613
     -68.00     3.844
     -67.00     4.013
     -66.00     4.102
     -65.00     4.099
     -64.00     4.003
     -63.00     3.825
     -62.00     3.580
     -61.00     3.289
     -60.00     2.975
     -59.00     2.659
     -58.00     2.358
     -57.00     2.084
     -56.00     1.847
     -55.00     1.648
     -54.00     1.489
     -53.00     1.365
     -52.00     1.271
     -51.00     1.204
     -50.00     1.157
     -49.00     1.125
     -48.00     1.105
     -47.00     1.094
     -46.00     1.089
     -45.00     1.089
     -44.00     1.094
     -43.00     1.102
     -42.00     1.113
     -41.00     1.129
     -40.00     1.149
     -39.00     1.174
     -38.00     1.207
     -37.00     1.247
     -36.00     1.297
     -35.00     1.359
     -34.00     1.436
     -33.00     1.530
     -32.00     1.646
     -31.00     1.786
     -30.00     1.954
     -29.00     2.156
     -28.00     2.396
     -27.00     2.679
     -26.00     3.010
     -25.00     3.394
     -24.00     3.837
     -23.00     4.345
     -22.00     4.925
     -21.00     5.590
     -20.00     6.362
     -19.00     7.317
     -18.00     8.679
     -17.00    10.809
     -16.00    13.912
     -15.00    17.519
     -14.00    20.348
     -13.00    21.117
     -12.00    19.697
     -11.00    17.233
     -10.00    15.177
      -9.00    14.490
      -8.00    15.095
      -7.00    15.568
      -6.00    15.336
      -5.00    15.961
      -4.00    18.199
      -3.00    20.566
      -2.00    20.929
      -1.00    19.497
       0.00    19.885
       1.00    21.476
       2.00    17.071
       3.00     9.768
       4.00     6.126
       5.00     4.944
       6.00     4.300
       7.00     3.764
       8.00     3.290
       9.00     2.870
      10.00     2.499
      11.00     2.171
      12.00     1.880
      13.00     1.620
      14.00     1.384
      15.00     1.171
      16.00     0.977
      17.00     0.802
      18.00     0.646
      19.00     0.511
      20.00     0.397
      21.00     0.303
      22.00     0.228
      23.00     0.170
      24.00     0.125
      25.00     0.092
      26.00     0.068
      27.00     0.050
      28.00     0.037
      29.00     0.028
      30.00     0.021
      31.00     0.016
      32.00     0.012
      33.00     0.010
      34.00     0.008
      35.00     0.006
      36.00     0.005
      37.00     0.004
      38.00     0.003
      39.00     0.003
      40.00     0.002
      41.00     0.002
      42.00     0.001
      43.00     0.001
      44.00     0.001
      45.00     0.001
      46.00     0.001
      47.00     0.001
      48.00     0.001
      49.00     0.000
      50.00     0.000
      51.00     0.000
      52.00     0.000
      53.00     0.000
      54.00     0.000
      55.00     0.000
      56.00     0.000
      57.00     0.000
      58.00     0.000
      59.00     0.000
      60.00     0.000
      61.00     0.000
      62.00     0.000
      63.00     0.000
      64.00     0.000
      65.00     0.000
      66.00     0.000
      67.00     0.000
      68.00     0.000
      69.00     0.000
      70.00     0.000
      71.00     0.000
      72.00     0.000
      73.00     0.000
      74.00     0.000
      75.00     0.000
      76.00     0.000
      77.00     0.000
      78.00     0.000
      79.00     0.000
      80.00     0.000
      81.00     0.000
      82.00     0.000
      83.00     0.000
      84.00     0.000
      85.00     0.000
      86.00     0.000
      87.00     0.000
      88.00     0.000
      89.00     0.000
      90.00     0.000
      91.00     0.000
      92.00     0.000
      93.00     0.000
      94.00     0.000
      95.00     0.000
      96.00     0.000
      97.00     0.000
      98.00     0.000
      99.00     0.000
     100.00     0.000
%% HI4PI Gaussians - height, velocity, width (sigma) 
%     12.036    -8.100     9.570
%      1.110   -40.353    23.386
%     11.023   -13.373     2.070
%      3.507   -65.959     6.115
%     10.706    -2.184     1.803
%      0.983  -119.928    14.439
%     11.650     1.247     1.089
%      2.746    -7.249     1.149
%      0.506    13.422     4.573
%% Gaussians are derived from EBHIS                  
