%%    125.500    22.000    0     0.125  -100.000   100.000
% HI4PI gauss data -------------
%   l, b, RA, DEC, beam interpolated N_HI, N_H2_dark, N_H2_tot  
% 125.500 ;  22.000 ;  37.891 ;  84.365 ;  0.702E+21 ;  0.132E+21 ;  0.531E+21
% nearest HEALPix pixel: l, b, RA, DEC, N_HI, N_H2_dark, N_H2_tot
% 125.508 ;  21.984 ;  37.892 ;  84.348 ;  0.703E+21 ;  0.844E+20 ;  0.482E+21
% GASS III survey --------------
% NH - median within 6 arcmin radius   0.00    
% NH - mean within specified beam      0.00    
% EBHIS survey -----------------
% NH  within specified beam           0.701E+21
%%EBHIS   160  datapoints: v_lsr [km/s] and T_B [K]
     -99.09     0.193
     -97.80     0.209
     -96.52     0.253
     -95.23     0.137
     -93.94     0.103
     -92.65     0.139
     -91.36     0.118
     -90.08     0.116
     -88.79     0.192
     -87.50     0.160
     -86.21     0.172
     -84.92     0.084
     -83.63     0.101
     -82.35     0.143
     -81.06     0.203
     -79.77     0.234
     -78.48     0.100
     -77.19     0.178
     -75.90     0.274
     -74.62     0.251
     -73.33     0.250
     -72.04     0.318
     -70.75     0.358
     -69.46     0.500
     -68.18     0.322
     -66.89     0.345
     -65.60     0.418
     -64.31     0.350
     -63.02     0.400
     -61.73     0.411
     -60.45     0.399
     -59.16     0.388
     -57.87     0.426
     -56.58     0.505
     -55.29     0.343
     -54.00     0.443
     -52.72     0.444
     -51.43     0.550
     -50.14     0.455
     -48.85     0.485
     -47.56     0.619
     -46.28     0.699
     -44.99     0.784
     -43.70     0.818
     -42.41     0.917
     -41.12     1.062
     -39.83     1.181
     -38.55     1.295
     -37.26     1.450
     -35.97     1.684
     -34.68     2.028
     -33.39     2.404
     -32.10     2.760
     -30.82     2.980
     -29.53     3.310
     -28.24     3.609
     -26.95     3.889
     -25.66     4.019
     -24.38     4.302
     -23.09     4.510
     -21.80     4.643
     -20.51     4.601
     -19.22     4.433
     -17.93     4.637
     -16.65     4.918
     -15.36     5.318
     -14.07     5.676
     -12.78     6.267
     -11.49     6.598
     -10.20     6.885
      -8.92     7.516
      -7.63     8.825
      -6.34    13.435
      -5.05    19.702
      -3.76    21.149
      -2.48    19.374
      -1.19    17.127
       0.10    14.437
       1.39    11.825
       2.68     9.866
       3.97     8.091
       5.25     6.973
       6.54     6.385
       7.83     5.561
       9.12     4.560
      10.41     3.588
      11.70     2.609
      12.98     2.036
      14.27     1.561
      15.56     1.112
      16.85     0.915
      18.14     0.685
      19.42     0.492
      20.71     0.347
      22.00     0.264
      23.29     0.161
      24.58     0.180
      25.87     0.122
      27.15     0.084
      28.44     0.080
      29.73     0.016
      31.02     0.023
      32.31    -0.099
      33.60    -0.078
      34.88    -0.048
      36.17    -0.055
      37.46    -0.116
      38.75    -0.080
      40.04     0.017
      41.32     0.071
      42.61     0.049
      43.90     0.055
      45.19     0.008
      46.48    -0.014
      47.77     0.027
      49.05     0.030
      50.34     0.050
      51.63    -0.070
      52.92    -0.028
      54.21    -0.050
      55.50    -0.032
      56.78    -0.083
      58.07     0.011
      59.36     0.052
      60.65    -0.081
      61.94     0.013
      63.22     0.005
      64.51     0.057
      65.80     0.031
      67.09    -0.002
      68.38     0.003
      69.67    -0.126
      70.95    -0.095
      72.24    -0.079
      73.53     0.008
      74.82    -0.024
      76.11     0.044
      77.40     0.062
      78.68    -0.037
      79.97    -0.050
      81.26     0.053
      82.55     0.045
      83.84     0.039
      85.12     0.090
      86.41     0.001
      87.70     0.048
      88.99     0.095
      90.28     0.050
      91.57     0.039
      92.85    -0.010
      94.14    -0.038
      95.43     0.017
      96.72     0.015
      98.01     0.009
      99.30    -0.024
%%GASS      0  datapoints: v_lsr [km/s] and T_B [K]
%%gauss   201  datapoints: v_lsr [km/s] and T_B [K]
    -100.00     0.234
     -99.00     0.215
     -98.00     0.197
     -97.00     0.182
     -96.00     0.169
     -95.00     0.157
     -94.00     0.148
     -93.00     0.141
     -92.00     0.135
     -91.00     0.132
     -90.00     0.130
     -89.00     0.130
     -88.00     0.131
     -87.00     0.134
     -86.00     0.139
     -85.00     0.144
     -84.00     0.151
     -83.00     0.159
     -82.00     0.167
     -81.00     0.177
     -80.00     0.187
     -79.00     0.198
     -78.00     0.210
     -77.00     0.222
     -76.00     0.234
     -75.00     0.247
     -74.00     0.260
     -73.00     0.273
     -72.00     0.286
     -71.00     0.299
     -70.00     0.312
     -69.00     0.325
     -68.00     0.338
     -67.00     0.350
     -66.00     0.362
     -65.00     0.374
     -64.00     0.385
     -63.00     0.396
     -62.00     0.406
     -61.00     0.416
     -60.00     0.426
     -59.00     0.435
     -58.00     0.444
     -57.00     0.453
     -56.00     0.462
     -55.00     0.472
     -54.00     0.482
     -53.00     0.493
     -52.00     0.505
     -51.00     0.519
     -50.00     0.536
     -49.00     0.557
     -48.00     0.582
     -47.00     0.612
     -46.00     0.650
     -45.00     0.696
     -44.00     0.752
     -43.00     0.820
     -42.00     0.903
     -41.00     1.001
     -40.00     1.118
     -39.00     1.254
     -38.00     1.410
     -37.00     1.587
     -36.00     1.783
     -35.00     1.997
     -34.00     2.226
     -33.00     2.466
     -32.00     2.711
     -31.00     2.955
     -30.00     3.194
     -29.00     3.421
     -28.00     3.634
     -27.00     3.833
     -26.00     4.024
     -25.00     4.212
     -24.00     4.383
     -23.00     4.505
     -22.00     4.556
     -21.00     4.557
     -20.00     4.554
     -19.00     4.588
     -18.00     4.678
     -17.00     4.835
     -16.00     5.068
     -15.00     5.377
     -14.00     5.740
     -13.00     6.110
     -12.00     6.443
     -11.00     6.724
     -10.00     6.997
      -9.00     7.395
      -8.00     8.292
      -7.00    10.620
      -6.00    15.158
      -5.00    19.875
      -4.00    21.333
      -3.00    20.137
      -2.00    18.564
      -1.00    16.791
       0.00    14.677
       1.00    12.613
       2.00    10.805
       3.00     9.264
       4.00     8.074
       5.00     7.257
       6.00     6.655
       7.00     6.072
       8.00     5.403
       9.00     4.646
      10.00     3.866
      11.00     3.139
      12.00     2.517
      13.00     2.012
      14.00     1.614
      15.00     1.300
      16.00     1.051
      17.00     0.850
      18.00     0.686
      19.00     0.551
      20.00     0.439
      21.00     0.347
      22.00     0.272
      23.00     0.211
      24.00     0.163
      25.00     0.124
      26.00     0.094
      27.00     0.071
      28.00     0.054
      29.00     0.040
      30.00     0.031
      31.00     0.023
      32.00     0.018
      33.00     0.014
      34.00     0.011
      35.00     0.009
      36.00     0.007
      37.00     0.006
      38.00     0.005
      39.00     0.004
      40.00     0.003
      41.00     0.003
      42.00     0.003
      43.00     0.002
      44.00     0.002
      45.00     0.002
      46.00     0.001
      47.00     0.001
      48.00     0.001
      49.00     0.001
      50.00     0.001
      51.00     0.001
      52.00     0.001
      53.00     0.001
      54.00     0.001
      55.00     0.000
      56.00     0.000
      57.00     0.000
      58.00     0.000
      59.00     0.000
      60.00     0.000
      61.00     0.000
      62.00     0.000
      63.00     0.000
      64.00     0.000
      65.00     0.000
      66.00     0.000
      67.00     0.000
      68.00     0.000
      69.00     0.000
      70.00     0.000
      71.00     0.000
      72.00     0.000
      73.00     0.000
      74.00     0.000
      75.00     0.000
      76.00     0.000
      77.00     0.000
      78.00     0.000
      79.00     0.000
      80.00     0.000
      81.00     0.000
      82.00     0.000
      83.00     0.000
      84.00     0.000
      85.00     0.000
      86.00     0.000
      87.00     0.000
      88.00     0.000
      89.00     0.000
      90.00     0.000
      91.00     0.000
      92.00     0.000
      93.00     0.000
      94.00     0.000
      95.00     0.000
      96.00     0.000
      97.00     0.000
      98.00     0.000
      99.00     0.000
     100.00     0.000
%% HI4PI Gaussians - height, velocity, width (sigma) 
%      4.431   -20.908    10.843
%     14.780    -2.684     2.922
%      5.231     3.938     4.572
%      1.639     7.247     7.649
%      3.497   -10.425     3.483
%      0.597  -118.564    12.582
%      5.676    -4.756     1.235
%      0.380   -59.391    17.154
%% Gaussians are derived from EBHIS                  
