%%    127.500    20.880    0     0.125  -100.000   100.000
% HI4PI gauss data -------------
%   l, b, RA, DEC, beam interpolated N_HI, N_H2_dark, N_H2_tot  
% 127.500 ;  20.880 ;  47.555 ;  82.488 ;  0.107E+22 ;  0.293E+21 ;  0.113E+22
% nearest HEALPix pixel: l, b, RA, DEC, N_HI, N_H2_dark, N_H2_tot
% 127.485 ;  20.902 ;  47.558 ;  82.514 ;  0.107E+22 ;  0.283E+21 ;  0.110E+22
% GASS III survey --------------
% NH - median within 6 arcmin radius   0.00    
% NH - mean within specified beam      0.00    
% EBHIS survey -----------------
% NH  within specified beam           0.107E+22
%%EBHIS   160  datapoints: v_lsr [km/s] and T_B [K]
     -99.09     0.391
     -97.80     0.339
     -96.52     0.319
     -95.23     0.413
     -93.94     0.334
     -92.65     0.352
     -91.36     0.448
     -90.08     0.514
     -88.79     0.484
     -87.50     0.375
     -86.21     0.452
     -84.92     0.525
     -83.63     0.598
     -82.35     0.533
     -81.06     0.710
     -79.77     0.792
     -78.48     0.719
     -77.19     0.628
     -75.90     0.652
     -74.62     0.572
     -73.33     0.619
     -72.04     0.595
     -70.75     0.533
     -69.46     0.543
     -68.18     0.601
     -66.89     0.524
     -65.60     0.492
     -64.31     0.448
     -63.02     0.458
     -61.73     0.547
     -60.45     0.481
     -59.16     0.424
     -57.87     0.538
     -56.58     0.635
     -55.29     0.614
     -54.00     0.556
     -52.72     0.558
     -51.43     0.530
     -50.14     0.567
     -48.85     0.577
     -47.56     0.555
     -46.28     0.561
     -44.99     0.540
     -43.70     0.619
     -42.41     0.615
     -41.12     0.748
     -39.83     0.798
     -38.55     0.901
     -37.26     0.854
     -35.97     0.826
     -34.68     0.908
     -33.39     1.037
     -32.10     1.058
     -30.82     1.341
     -29.53     1.579
     -28.24     1.766
     -26.95     2.276
     -25.66     2.908
     -24.38     3.810
     -23.09     5.074
     -21.80     6.423
     -20.51     7.683
     -19.22     8.533
     -17.93     9.062
     -16.65     9.805
     -15.36    11.132
     -14.07    12.270
     -12.78    11.674
     -11.49    10.678
     -10.20    10.335
      -8.92    10.562
      -7.63    11.479
      -6.34    15.503
      -5.05    23.181
      -3.76    28.416
      -2.48    28.515
      -1.19    26.642
       0.10    22.653
       1.39    18.067
       2.68    15.712
       3.97    16.410
       5.25    17.207
       6.54    16.921
       7.83    16.111
       9.12    13.739
      10.41    10.177
      11.70     6.284
      12.98     3.832
      14.27     2.452
      15.56     1.463
      16.85     0.927
      18.14     0.651
      19.42     0.520
      20.71     0.349
      22.00     0.303
      23.29     0.285
      24.58     0.261
      25.87     0.095
      27.15     0.120
      28.44     0.048
      29.73     0.041
      31.02     0.041
      32.31    -0.042
      33.60    -0.047
      34.88    -0.043
      36.17     0.089
      37.46     0.014
      38.75    -0.057
      40.04    -0.027
      41.32    -0.086
      42.61    -0.014
      43.90     0.013
      45.19    -0.002
      46.48    -0.021
      47.77    -0.075
      49.05    -0.020
      50.34    -0.078
      51.63     0.029
      52.92     0.048
      54.21     0.007
      55.50     0.041
      56.78    -0.036
      58.07    -0.034
      59.36    -0.009
      60.65    -0.015
      61.94     0.040
      63.22    -0.051
      64.51     0.086
      65.80     0.048
      67.09     0.025
      68.38     0.026
      69.67    -0.077
      70.95    -0.026
      72.24     0.118
      73.53    -0.119
      74.82    -0.052
      76.11     0.003
      77.40     0.032
      78.68    -0.023
      79.97    -0.011
      81.26     0.093
      82.55     0.067
      83.84    -0.002
      85.12    -0.016
      86.41    -0.022
      87.70    -0.050
      88.99    -0.078
      90.28     0.036
      91.57    -0.009
      92.85    -0.136
      94.14    -0.030
      95.43     0.013
      96.72    -0.045
      98.01    -0.065
      99.30    -0.037
%%GASS      0  datapoints: v_lsr [km/s] and T_B [K]
%%gauss   201  datapoints: v_lsr [km/s] and T_B [K]
    -100.00     0.465
     -99.00     0.436
     -98.00     0.413
     -97.00     0.394
     -96.00     0.379
     -95.00     0.371
     -94.00     0.367
     -93.00     0.369
     -92.00     0.376
     -91.00     0.388
     -90.00     0.406
     -89.00     0.427
     -88.00     0.453
     -87.00     0.482
     -86.00     0.513
     -85.00     0.545
     -84.00     0.576
     -83.00     0.606
     -82.00     0.631
     -81.00     0.652
     -80.00     0.667
     -79.00     0.675
     -78.00     0.675
     -77.00     0.670
     -76.00     0.659
     -75.00     0.644
     -74.00     0.626
     -73.00     0.608
     -72.00     0.589
     -71.00     0.572
     -70.00     0.556
     -69.00     0.541
     -68.00     0.530
     -67.00     0.520
     -66.00     0.512
     -65.00     0.507
     -64.00     0.504
     -63.00     0.502
     -62.00     0.502
     -61.00     0.504
     -60.00     0.506
     -59.00     0.510
     -58.00     0.514
     -57.00     0.520
     -56.00     0.525
     -55.00     0.532
     -54.00     0.538
     -53.00     0.545
     -52.00     0.553
     -51.00     0.560
     -50.00     0.568
     -49.00     0.576
     -48.00     0.584
     -47.00     0.592
     -46.00     0.601
     -45.00     0.611
     -44.00     0.622
     -43.00     0.634
     -42.00     0.648
     -41.00     0.665
     -40.00     0.685
     -39.00     0.709
     -38.00     0.739
     -37.00     0.776
     -36.00     0.822
     -35.00     0.879
     -34.00     0.949
     -33.00     1.036
     -32.00     1.143
     -31.00     1.276
     -30.00     1.441
     -29.00     1.649
     -28.00     1.914
     -27.00     2.261
     -26.00     2.726
     -25.00     3.345
     -24.00     4.142
     -23.00     5.117
     -22.00     6.203
     -21.00     7.253
     -20.00     8.099
     -19.00     8.659
     -18.00     9.028
     -17.00     9.505
     -16.00    10.409
     -15.00    11.587
     -14.00    12.243
     -13.00    11.877
     -12.00    11.026
     -11.00    10.454
     -10.00    10.330
      -9.00    10.492
      -8.00    11.065
      -7.00    12.923
      -6.00    17.299
      -5.00    23.468
      -4.00    27.934
      -3.00    28.857
      -2.00    27.961
      -1.00    26.230
       0.00    23.075
       1.00    19.234
       2.00    16.545
       3.00    15.804
       4.00    16.359
       5.00    17.061
       6.00    17.205
       7.00    16.760
       8.00    15.813
       9.00    14.090
      10.00    11.371
      11.00     8.257
      12.00     5.641
      13.00     3.812
      14.00     2.603
      15.00     1.810
      16.00     1.292
      17.00     0.951
      18.00     0.719
      19.00     0.556
      20.00     0.435
      21.00     0.343
      22.00     0.271
      23.00     0.215
      24.00     0.170
      25.00     0.135
      26.00     0.108
      27.00     0.086
      28.00     0.070
      29.00     0.057
      30.00     0.046
      31.00     0.038
      32.00     0.032
      33.00     0.027
      34.00     0.023
      35.00     0.020
      36.00     0.017
      37.00     0.015
      38.00     0.013
      39.00     0.011
      40.00     0.010
      41.00     0.009
      42.00     0.008
      43.00     0.007
      44.00     0.006
      45.00     0.005
      46.00     0.005
      47.00     0.004
      48.00     0.004
      49.00     0.003
      50.00     0.003
      51.00     0.003
      52.00     0.002
      53.00     0.002
      54.00     0.002
      55.00     0.002
      56.00     0.001
      57.00     0.001
      58.00     0.001
      59.00     0.001
      60.00     0.001
      61.00     0.001
      62.00     0.001
      63.00     0.001
      64.00     0.001
      65.00     0.000
      66.00     0.000
      67.00     0.000
      68.00     0.000
      69.00     0.000
      70.00     0.000
      71.00     0.000
      72.00     0.000
      73.00     0.000
      74.00     0.000
      75.00     0.000
      76.00     0.000
      77.00     0.000
      78.00     0.000
      79.00     0.000
      80.00     0.000
      81.00     0.000
      82.00     0.000
      83.00     0.000
      84.00     0.000
      85.00     0.000
      86.00     0.000
      87.00     0.000
      88.00     0.000
      89.00     0.000
      90.00     0.000
      91.00     0.000
      92.00     0.000
      93.00     0.000
      94.00     0.000
      95.00     0.000
      96.00     0.000
      97.00     0.000
      98.00     0.000
      99.00     0.000
     100.00     0.000
%% HI4PI Gaussians - height, velocity, width (sigma) 
%     10.444    -6.894    10.501
%     11.822     6.197     3.508
%     14.726    -1.289     1.910
%     12.098    -4.161     1.498
%      0.526   -51.275    32.370
%      1.005  -119.284    11.956
%      3.053   -18.955     3.656
%      3.258   -13.967     1.497
%      2.148     9.269     1.330
%      0.360   -80.136     6.284
%      0.345   -39.243    -1.712
%% component flagged & excluded if width negative ---
%% Gaussians are derived from EBHIS                  
