%%    122.290    41.330    0     0.125  -100.000   100.000
% HI4PI gauss data -------------
%   l, b, RA, DEC, beam interpolated N_HI, N_H2_dark, N_H2_tot  
% 122.290 ;  41.330 ; 194.823 ;  75.788 ;  0.199E+21 ;  0.168E+19 ;  0.168E+19
% nearest HEALPix pixel: l, b, RA, DEC, N_HI, N_H2_dark, N_H2_tot
% 122.300 ;  41.312 ; 194.797 ;  75.807 ;  0.201E+21 ;  0.119E+19 ;  0.119E+19
% GASS III survey --------------
% NH - median within 6 arcmin radius   0.00    
% NH - mean within specified beam      0.00    
% EBHIS survey -----------------
% NH  within specified beam           0.201E+21
%%EBHIS   160  datapoints: v_lsr [km/s] and T_B [K]
     -99.09    -0.030
     -97.80    -0.067
     -96.52    -0.006
     -95.23     0.001
     -93.94    -0.069
     -92.65     0.034
     -91.36    -0.107
     -90.08    -0.108
     -88.79     0.014
     -87.50     0.130
     -86.21     0.359
     -84.92     0.309
     -83.63     0.468
     -82.35     0.487
     -81.06     0.560
     -79.77     0.704
     -78.48     0.788
     -77.19     0.996
     -75.90     1.136
     -74.62     1.237
     -73.33     1.271
     -72.04     1.179
     -70.75     1.268
     -69.46     1.187
     -68.18     0.987
     -66.89     0.877
     -65.60     0.817
     -64.31     0.859
     -63.02     0.811
     -61.73     0.782
     -60.45     0.675
     -59.16     0.724
     -57.87     0.618
     -56.58     0.782
     -55.29     0.805
     -54.00     1.079
     -52.72     1.151
     -51.43     1.202
     -50.14     1.226
     -48.85     1.106
     -47.56     1.033
     -46.28     0.871
     -44.99     0.896
     -43.70     0.920
     -42.41     0.833
     -41.12     0.979
     -39.83     0.863
     -38.55     0.918
     -37.26     0.994
     -35.97     0.823
     -34.68     0.860
     -33.39     0.579
     -32.10     0.731
     -30.82     0.577
     -29.53     0.500
     -28.24     0.461
     -26.95     0.667
     -25.66     0.699
     -24.38     0.620
     -23.09     0.530
     -21.80     0.554
     -20.51     0.624
     -19.22     0.682
     -17.93     0.835
     -16.65     0.928
     -15.36     0.884
     -14.07     0.877
     -12.78     1.129
     -11.49     1.280
     -10.20     1.324
      -8.92     1.290
      -7.63     1.347
      -6.34     1.386
      -5.05     1.467
      -3.76     1.539
      -2.48     1.813
      -1.19     1.889
       0.10     1.841
       1.39     1.961
       2.68     1.922
       3.97     1.754
       5.25     1.740
       6.54     1.683
       7.83     1.532
       9.12     1.368
      10.41     1.285
      11.70     1.163
      12.98     1.054
      14.27     0.873
      15.56     0.765
      16.85     0.754
      18.14     0.594
      19.42     0.435
      20.71     0.447
      22.00     0.380
      23.29     0.306
      24.58     0.155
      25.87     0.103
      27.15     0.149
      28.44     0.228
      29.73     0.119
      31.02     0.160
      32.31     0.099
      33.60     0.122
      34.88    -0.042
      36.17    -0.018
      37.46     0.029
      38.75    -0.064
      40.04    -0.012
      41.32     0.145
      42.61     0.117
      43.90     0.065
      45.19    -0.049
      46.48    -0.020
      47.77     0.097
      49.05     0.175
      50.34     0.049
      51.63     0.134
      52.92     0.030
      54.21     0.050
      55.50    -0.065
      56.78    -0.005
      58.07    -0.161
      59.36     0.121
      60.65    -0.012
      61.94     0.031
      63.22     0.012
      64.51     0.078
      65.80    -0.130
      67.09    -0.038
      68.38     0.044
      69.67    -0.017
      70.95     0.053
      72.24    -0.040
      73.53    -0.111
      74.82    -0.071
      76.11    -0.007
      77.40     0.044
      78.68     0.042
      79.97     0.090
      81.26     0.003
      82.55     0.116
      83.84    -0.009
      85.12    -0.034
      86.41     0.122
      87.70     0.097
      88.99     0.135
      90.28     0.063
      91.57    -0.064
      92.85     0.066
      94.14     0.080
      95.43     0.084
      96.72     0.025
      98.01    -0.003
      99.30    -0.064
%%GASS      0  datapoints: v_lsr [km/s] and T_B [K]
%%gauss   201  datapoints: v_lsr [km/s] and T_B [K]
    -100.00     0.002
     -99.00     0.003
     -98.00     0.004
     -97.00     0.006
     -96.00     0.008
     -95.00     0.011
     -94.00     0.016
     -93.00     0.022
     -92.00     0.031
     -91.00     0.044
     -90.00     0.061
     -89.00     0.084
     -88.00     0.114
     -87.00     0.153
     -86.00     0.202
     -85.00     0.262
     -84.00     0.334
     -83.00     0.416
     -82.00     0.510
     -81.00     0.611
     -80.00     0.718
     -79.00     0.826
     -78.00     0.930
     -77.00     1.026
     -76.00     1.108
     -75.00     1.172
     -74.00     1.215
     -73.00     1.235
     -72.00     1.232
     -71.00     1.208
     -70.00     1.165
     -69.00     1.109
     -68.00     1.044
     -67.00     0.974
     -66.00     0.906
     -65.00     0.844
     -64.00     0.789
     -63.00     0.745
     -62.00     0.713
     -61.00     0.693
     -60.00     0.685
     -59.00     0.690
     -58.00     0.711
     -57.00     0.752
     -56.00     0.818
     -55.00     0.910
     -54.00     1.018
     -53.00     1.121
     -52.00     1.189
     -51.00     1.203
     -50.00     1.164
     -49.00     1.097
     -48.00     1.029
     -47.00     0.979
     -46.00     0.950
     -45.00     0.936
     -44.00     0.929
     -43.00     0.923
     -42.00     0.915
     -41.00     0.904
     -40.00     0.890
     -39.00     0.872
     -38.00     0.852
     -37.00     0.829
     -36.00     0.804
     -35.00     0.778
     -34.00     0.751
     -33.00     0.723
     -32.00     0.696
     -31.00     0.670
     -30.00     0.646
     -29.00     0.624
     -28.00     0.605
     -27.00     0.590
     -26.00     0.579
     -25.00     0.574
     -24.00     0.575
     -23.00     0.583
     -22.00     0.598
     -21.00     0.620
     -20.00     0.650
     -19.00     0.687
     -18.00     0.731
     -17.00     0.781
     -16.00     0.837
     -15.00     0.897
     -14.00     0.963
     -13.00     1.033
     -12.00     1.108
     -11.00     1.185
     -10.00     1.264
      -9.00     1.343
      -8.00     1.422
      -7.00     1.497
      -6.00     1.568
      -5.00     1.633
      -4.00     1.691
      -3.00     1.739
      -2.00     1.778
      -1.00     1.806
       0.00     1.822
       1.00     1.825
       2.00     1.816
       3.00     1.792
       4.00     1.756
       5.00     1.707
       6.00     1.647
       7.00     1.579
       8.00     1.502
       9.00     1.419
      10.00     1.332
      11.00     1.241
      12.00     1.148
      13.00     1.054
      14.00     0.961
      15.00     0.871
      16.00     0.783
      17.00     0.699
      18.00     0.620
      19.00     0.546
      20.00     0.477
      21.00     0.414
      22.00     0.357
      23.00     0.306
      24.00     0.260
      25.00     0.220
      26.00     0.184
      27.00     0.154
      28.00     0.127
      29.00     0.105
      30.00     0.085
      31.00     0.069
      32.00     0.056
      33.00     0.045
      34.00     0.036
      35.00     0.028
      36.00     0.022
      37.00     0.017
      38.00     0.013
      39.00     0.010
      40.00     0.008
      41.00     0.006
      42.00     0.004
      43.00     0.003
      44.00     0.003
      45.00     0.002
      46.00     0.001
      47.00     0.001
      48.00     0.001
      49.00     0.001
      50.00     0.000
      51.00     0.000
      52.00     0.000
      53.00     0.000
      54.00     0.000
      55.00     0.000
      56.00     0.000
      57.00     0.000
      58.00     0.000
      59.00     0.000
      60.00     0.000
      61.00     0.000
      62.00     0.000
      63.00     0.000
      64.00     0.000
      65.00     0.000
      66.00     0.000
      67.00     0.000
      68.00     0.000
      69.00     0.000
      70.00     0.000
      71.00     0.000
      72.00     0.000
      73.00     0.000
      74.00     0.000
      75.00     0.000
      76.00     0.000
      77.00     0.000
      78.00     0.000
      79.00     0.000
      80.00     0.000
      81.00     0.000
      82.00     0.000
      83.00     0.000
      84.00     0.000
      85.00     0.000
      86.00     0.000
      87.00     0.000
      88.00     0.000
      89.00     0.000
      90.00     0.000
      91.00     0.000
      92.00     0.000
      93.00     0.000
      94.00     0.000
      95.00     0.000
      96.00     0.000
      97.00     0.000
      98.00     0.000
      99.00     0.000
     100.00     0.000
%% HI4PI Gaussians - height, velocity, width (sigma) 
%      1.843     0.516    11.967
%      0.876   -43.661    14.651
%      1.258   -73.506     6.484
%      0.377   -51.917     2.739
%% Gaussians are derived from EBHIS                  
