%%    120.500    29.630    0     0.125  -100.000   100.000
% HI4PI gauss data -------------
%   l, b, RA, DEC, beam interpolated N_HI, N_H2_dark, N_H2_tot  
% 120.500 ;  29.630 ; 232.827 ;  86.708 ;  0.696E+21 ;  0.170E+21 ;  0.241E+21
% nearest HEALPix pixel: l, b, RA, DEC, N_HI, N_H2_dark, N_H2_tot
% 120.498 ;  29.613 ; 233.046 ;  86.720 ;  0.698E+21 ;  0.120E+21 ;  0.191E+21
% GASS III survey --------------
% NH - median within 6 arcmin radius   0.00    
% NH - mean within specified beam      0.00    
% EBHIS survey -----------------
% NH  within specified beam           0.698E+21
%%EBHIS   160  datapoints: v_lsr [km/s] and T_B [K]
     -99.09     0.056
     -97.80     0.051
     -96.52     0.130
     -95.23     0.276
     -93.94     0.249
     -92.65     0.299
     -91.36     0.446
     -90.08     0.556
     -88.79     0.809
     -87.50     1.180
     -86.21     1.630
     -84.92     2.163
     -83.63     1.922
     -82.35     1.582
     -81.06     1.208
     -79.77     0.937
     -78.48     0.721
     -77.19     0.556
     -75.90     0.439
     -74.62     0.418
     -73.33     0.393
     -72.04     0.408
     -70.75     0.291
     -69.46     0.250
     -68.18     0.232
     -66.89     0.078
     -65.60     0.096
     -64.31     0.113
     -63.02     0.061
     -61.73     0.203
     -60.45     0.132
     -59.16     0.112
     -57.87     0.259
     -56.58     0.168
     -55.29     0.261
     -54.00     0.226
     -52.72     0.300
     -51.43     0.394
     -50.14     0.384
     -48.85     0.374
     -47.56     0.472
     -46.28     0.553
     -44.99     0.622
     -43.70     0.697
     -42.41     0.734
     -41.12     0.990
     -39.83     1.134
     -38.55     1.170
     -37.26     1.267
     -35.97     1.413
     -34.68     1.586
     -33.39     1.691
     -32.10     1.927
     -30.82     2.193
     -29.53     2.423
     -28.24     2.608
     -26.95     2.926
     -25.66     3.215
     -24.38     3.450
     -23.09     3.777
     -21.80     3.984
     -20.51     4.257
     -19.22     4.449
     -17.93     4.577
     -16.65     4.709
     -15.36     4.811
     -14.07     4.934
     -12.78     4.973
     -11.49     5.268
     -10.20     6.327
      -8.92    11.432
      -7.63    18.401
      -6.34    22.057
      -5.05    22.004
      -3.76    22.899
      -2.48    22.529
      -1.19    19.194
       0.10    14.687
       1.39    10.374
       2.68     7.085
       3.97     5.154
       5.25     3.746
       6.54     2.797
       7.83     2.169
       9.12     1.696
      10.41     1.465
      11.70     1.140
      12.98     0.793
      14.27     0.593
      15.56     0.508
      16.85     0.400
      18.14     0.337
      19.42     0.284
      20.71     0.207
      22.00     0.107
      23.29     0.184
      24.58     0.142
      25.87     0.094
      27.15     0.125
      28.44     0.025
      29.73    -0.012
      31.02     0.007
      32.31    -0.031
      33.60    -0.042
      34.88     0.038
      36.17    -0.041
      37.46    -0.059
      38.75     0.011
      40.04    -0.011
      41.32     0.048
      42.61     0.105
      43.90     0.029
      45.19     0.089
      46.48    -0.123
      47.77     0.035
      49.05     0.079
      50.34     0.073
      51.63     0.072
      52.92     0.041
      54.21     0.024
      55.50    -0.023
      56.78    -0.047
      58.07    -0.026
      59.36    -0.024
      60.65     0.101
      61.94     0.016
      63.22     0.005
      64.51    -0.121
      65.80    -0.002
      67.09     0.040
      68.38    -0.003
      69.67     0.092
      70.95    -0.023
      72.24     0.056
      73.53     0.059
      74.82     0.079
      76.11     0.040
      77.40    -0.026
      78.68     0.055
      79.97     0.124
      81.26     0.031
      82.55     0.027
      83.84    -0.011
      85.12     0.012
      86.41    -0.031
      87.70     0.025
      88.99     0.002
      90.28    -0.003
      91.57     0.005
      92.85    -0.065
      94.14    -0.039
      95.43     0.039
      96.72     0.105
      98.01     0.105
      99.30     0.003
%%GASS      0  datapoints: v_lsr [km/s] and T_B [K]
%%gauss   201  datapoints: v_lsr [km/s] and T_B [K]
    -100.00     0.075
     -99.00     0.095
     -98.00     0.119
     -97.00     0.147
     -96.00     0.179
     -95.00     0.217
     -94.00     0.260
     -93.00     0.310
     -92.00     0.370
     -91.00     0.449
     -90.00     0.565
     -89.00     0.746
     -88.00     1.020
     -87.00     1.383
     -86.00     1.763
     -85.00     2.023
     -84.00     2.049
     -83.00     1.838
     -82.00     1.501
     -81.00     1.169
     -80.00     0.919
     -79.00     0.755
     -78.00     0.651
     -77.00     0.578
     -76.00     0.519
     -75.00     0.467
     -74.00     0.416
     -73.00     0.369
     -72.00     0.324
     -71.00     0.283
     -70.00     0.245
     -69.00     0.213
     -68.00     0.185
     -67.00     0.162
     -66.00     0.145
     -65.00     0.132
     -64.00     0.123
     -63.00     0.120
     -62.00     0.120
     -61.00     0.124
     -60.00     0.132
     -59.00     0.144
     -58.00     0.158
     -57.00     0.176
     -56.00     0.197
     -55.00     0.221
     -54.00     0.248
     -53.00     0.278
     -52.00     0.312
     -51.00     0.348
     -50.00     0.388
     -49.00     0.432
     -48.00     0.478
     -47.00     0.529
     -46.00     0.583
     -45.00     0.642
     -44.00     0.705
     -43.00     0.772
     -42.00     0.845
     -41.00     0.923
     -40.00     1.008
     -39.00     1.099
     -38.00     1.197
     -37.00     1.303
     -36.00     1.418
     -35.00     1.543
     -34.00     1.677
     -33.00     1.821
     -32.00     1.977
     -31.00     2.143
     -30.00     2.320
     -29.00     2.507
     -28.00     2.703
     -27.00     2.906
     -26.00     3.116
     -25.00     3.328
     -24.00     3.540
     -23.00     3.748
     -22.00     3.949
     -21.00     4.139
     -20.00     4.313
     -19.00     4.468
     -18.00     4.600
     -17.00     4.709
     -16.00     4.792
     -15.00     4.852
     -14.00     4.894
     -13.00     4.938
     -12.00     5.044
     -11.00     5.469
     -10.00     7.005
      -9.00    10.836
      -8.00    16.541
      -7.00    20.918
      -6.00    22.078
      -5.00    22.091
      -4.00    22.710
      -3.00    22.975
      -2.00    21.585
      -1.00    18.624
       0.00    15.048
       1.00    11.597
       2.00     8.647
       3.00     6.480
       4.00     5.013
       5.00     3.990
       6.00     3.225
       7.00     2.626
       8.00     2.143
       9.00     1.753
      10.00     1.438
      11.00     1.185
      12.00     0.980
      13.00     0.816
      14.00     0.683
      15.00     0.574
      16.00     0.485
      17.00     0.410
      18.00     0.348
      19.00     0.295
      20.00     0.250
      21.00     0.212
      22.00     0.179
      23.00     0.151
      24.00     0.127
      25.00     0.107
      26.00     0.089
      27.00     0.074
      28.00     0.062
      29.00     0.051
      30.00     0.042
      31.00     0.035
      32.00     0.029
      33.00     0.024
      34.00     0.019
      35.00     0.016
      36.00     0.013
      37.00     0.011
      38.00     0.009
      39.00     0.007
      40.00     0.006
      41.00     0.005
      42.00     0.004
      43.00     0.003
      44.00     0.002
      45.00     0.002
      46.00     0.002
      47.00     0.001
      48.00     0.001
      49.00     0.001
      50.00     0.001
      51.00     0.000
      52.00     0.000
      53.00     0.000
      54.00     0.000
      55.00     0.000
      56.00     0.000
      57.00     0.000
      58.00     0.000
      59.00     0.000
      60.00     0.000
      61.00     0.000
      62.00     0.000
      63.00     0.000
      64.00     0.000
      65.00     0.000
      66.00     0.000
      67.00     0.000
      68.00     0.000
      69.00     0.000
      70.00     0.000
      71.00     0.000
      72.00     0.000
      73.00     0.000
      74.00     0.000
      75.00     0.000
      76.00     0.000
      77.00     0.000
      78.00     0.000
      79.00     0.000
      80.00     0.000
      81.00     0.000
      82.00     0.000
      83.00     0.000
      84.00     0.000
      85.00     0.000
      86.00     0.000
      87.00     0.000
      88.00     0.000
      89.00     0.000
      90.00     0.000
      91.00     0.000
      92.00     0.000
      93.00     0.000
      94.00     0.000
      95.00     0.000
      96.00     0.000
      97.00     0.000
      98.00     0.000
      99.00     0.000
     100.00     0.000
%% HI4PI Gaussians - height, velocity, width (sigma) 
%     17.504    -3.180     2.913
%      2.523   -16.746    17.140
%      3.523     0.140     5.444
%      2.233   -15.261     8.251
%      8.011    -7.237     1.370
%      0.797   -82.406     7.955
%      1.523   -84.504     2.435
%     -0.138   473.715    -3.008
%      0.223   435.955    -1.250
%% component flagged & excluded if width negative ---
%% Gaussians are derived from EBHIS                  
