%%    147.200    40.750    0     0.125  -100.000   100.000
% HI4PI gauss data -------------
%   l, b, RA, DEC, beam interpolated N_HI, N_H2_dark, N_H2_tot  
% 147.200 ;  40.750 ; 143.371 ;  65.824 ;  0.435E+21 ;  0.176E+21 ;  0.176E+21
% nearest HEALPix pixel: l, b, RA, DEC, N_HI, N_H2_dark, N_H2_tot
% 147.217 ;  40.768 ; 143.396 ;  65.805 ;  0.438E+21 ;  0.220E+21 ;  0.220E+21
% GASS III survey --------------
% NH - median within 6 arcmin radius   0.00    
% NH - mean within specified beam      0.00    
% EBHIS survey -----------------
% NH  within specified beam           0.434E+21
%%EBHIS   160  datapoints: v_lsr [km/s] and T_B [K]
     -99.09     0.017
     -97.80    -0.006
     -96.52    -0.067
     -95.23    -0.017
     -93.94    -0.011
     -92.65    -0.017
     -91.36    -0.009
     -90.08    -0.004
     -88.79     0.074
     -87.50    -0.038
     -86.21    -0.025
     -84.92     0.007
     -83.63    -0.008
     -82.35    -0.008
     -81.06     0.034
     -79.77    -0.046
     -78.48     0.063
     -77.19     0.093
     -75.90     0.086
     -74.62     0.078
     -73.33     0.205
     -72.04     0.327
     -70.75     0.426
     -69.46     0.527
     -68.18     0.464
     -66.89     0.598
     -65.60     0.665
     -64.31     0.758
     -63.02     0.654
     -61.73     0.819
     -60.45     0.860
     -59.16     0.877
     -57.87     0.920
     -56.58     1.117
     -55.29     0.985
     -54.00     1.004
     -52.72     0.965
     -51.43     0.863
     -50.14     0.834
     -48.85     0.938
     -47.56     0.879
     -46.28     1.030
     -44.99     0.927
     -43.70     0.890
     -42.41     0.719
     -41.12     0.708
     -39.83     0.578
     -38.55     0.538
     -37.26     0.524
     -35.97     0.216
     -34.68     0.282
     -33.39     0.394
     -32.10     0.246
     -30.82     0.325
     -29.53     0.295
     -28.24     0.183
     -26.95     0.328
     -25.66     0.219
     -24.38     0.481
     -23.09     0.510
     -21.80     0.551
     -20.51     0.554
     -19.22     0.659
     -17.93     0.756
     -16.65     0.807
     -15.36     0.922
     -14.07     0.996
     -12.78     1.015
     -11.49     1.084
     -10.20     1.176
      -8.92     1.431
      -7.63     1.761
      -6.34     2.397
      -5.05     4.006
      -3.76     6.987
      -2.48    11.130
      -1.19    14.943
       0.10    16.823
       1.39    17.060
       2.68    19.909
       3.97    20.217
       5.25    13.085
       6.54     6.709
       7.83     3.698
       9.12     2.431
      10.41     1.776
      11.70     1.416
      12.98     1.200
      14.27     1.010
      15.56     0.722
      16.85     0.658
      18.14     0.503
      19.42     0.308
      20.71     0.308
      22.00     0.245
      23.29     0.105
      24.58     0.003
      25.87     0.059
      27.15     0.082
      28.44     0.097
      29.73    -0.010
      31.02     0.054
      32.31    -0.097
      33.60    -0.026
      34.88     0.051
      36.17     0.108
      37.46    -0.033
      38.75     0.016
      40.04    -0.005
      41.32     0.045
      42.61     0.112
      43.90     0.093
      45.19     0.059
      46.48    -0.012
      47.77     0.034
      49.05    -0.006
      50.34    -0.006
      51.63     0.077
      52.92     0.030
      54.21     0.049
      55.50     0.064
      56.78     0.061
      58.07     0.074
      59.36    -0.006
      60.65     0.005
      61.94    -0.027
      63.22    -0.048
      64.51    -0.068
      65.80     0.022
      67.09     0.019
      68.38    -0.020
      69.67    -0.026
      70.95    -0.006
      72.24    -0.014
      73.53    -0.020
      74.82    -0.047
      76.11     0.030
      77.40     0.014
      78.68    -0.017
      79.97    -0.035
      81.26    -0.024
      82.55    -0.079
      83.84    -0.022
      85.12    -0.002
      86.41     0.056
      87.70    -0.038
      88.99    -0.069
      90.28    -0.056
      91.57    -0.080
      92.85    -0.138
      94.14    -0.062
      95.43     0.072
      96.72    -0.109
      98.01    -0.101
      99.30     0.012
%%GASS      0  datapoints: v_lsr [km/s] and T_B [K]
%%gauss   201  datapoints: v_lsr [km/s] and T_B [K]
    -100.00     0.000
     -99.00     0.000
     -98.00     0.001
     -97.00     0.001
     -96.00     0.001
     -95.00     0.001
     -94.00     0.002
     -93.00     0.003
     -92.00     0.003
     -91.00     0.004
     -90.00     0.006
     -89.00     0.008
     -88.00     0.010
     -87.00     0.013
     -86.00     0.016
     -85.00     0.021
     -84.00     0.026
     -83.00     0.033
     -82.00     0.042
     -81.00     0.052
     -80.00     0.065
     -79.00     0.080
     -78.00     0.099
     -77.00     0.120
     -76.00     0.146
     -75.00     0.175
     -74.00     0.209
     -73.00     0.247
     -72.00     0.290
     -71.00     0.336
     -70.00     0.386
     -69.00     0.439
     -68.00     0.494
     -67.00     0.550
     -66.00     0.606
     -65.00     0.661
     -64.00     0.713
     -63.00     0.762
     -62.00     0.807
     -61.00     0.847
     -60.00     0.882
     -59.00     0.912
     -58.00     0.936
     -57.00     0.955
     -56.00     0.969
     -55.00     0.978
     -54.00     0.983
     -53.00     0.984
     -52.00     0.981
     -51.00     0.973
     -50.00     0.962
     -49.00     0.947
     -48.00     0.928
     -47.00     0.906
     -46.00     0.880
     -45.00     0.847
     -44.00     0.804
     -43.00     0.752
     -42.00     0.696
     -41.00     0.640
     -40.00     0.584
     -39.00     0.530
     -38.00     0.477
     -37.00     0.428
     -36.00     0.384
     -35.00     0.345
     -34.00     0.313
     -33.00     0.288
     -32.00     0.270
     -31.00     0.259
     -30.00     0.257
     -29.00     0.262
     -28.00     0.277
     -27.00     0.300
     -26.00     0.331
     -25.00     0.370
     -24.00     0.417
     -23.00     0.469
     -22.00     0.524
     -21.00     0.582
     -20.00     0.640
     -19.00     0.696
     -18.00     0.749
     -17.00     0.801
     -16.00     0.850
     -15.00     0.900
     -14.00     0.951
     -13.00     1.008
     -12.00     1.072
     -11.00     1.149
     -10.00     1.247
      -9.00     1.384
      -8.00     1.605
      -7.00     2.001
      -6.00     2.748
      -5.00     4.105
      -4.00     6.309
      -3.00     9.348
      -2.00    12.705
      -1.00    15.418
       0.00    16.684
       1.00    16.911
       2.00    18.096
       3.00    20.615
       4.00    20.119
       5.00    14.717
       6.00     8.874
       7.00     5.348
       8.00     3.495
       9.00     2.484
      10.00     1.928
      11.00     1.602
      12.00     1.377
      13.00     1.193
      14.00     1.026
      15.00     0.871
      16.00     0.728
      17.00     0.599
      18.00     0.486
      19.00     0.389
      20.00     0.308
      21.00     0.243
      22.00     0.191
      23.00     0.150
      24.00     0.118
      25.00     0.093
      26.00     0.073
      27.00     0.058
      28.00     0.045
      29.00     0.036
      30.00     0.028
      31.00     0.022
      32.00     0.017
      33.00     0.013
      34.00     0.010
      35.00     0.008
      36.00     0.006
      37.00     0.005
      38.00     0.004
      39.00     0.003
      40.00     0.002
      41.00     0.002
      42.00     0.001
      43.00     0.001
      44.00     0.001
      45.00     0.001
      46.00     0.000
      47.00     0.000
      48.00     0.000
      49.00     0.000
      50.00     0.000
      51.00     0.000
      52.00     0.000
      53.00     0.000
      54.00     0.000
      55.00     0.000
      56.00     0.000
      57.00     0.000
      58.00     0.000
      59.00     0.000
      60.00     0.000
      61.00     0.000
      62.00     0.000
      63.00     0.000
      64.00     0.000
      65.00     0.000
      66.00     0.000
      67.00     0.000
      68.00     0.000
      69.00     0.000
      70.00     0.000
      71.00     0.000
      72.00     0.000
      73.00     0.000
      74.00     0.000
      75.00     0.000
      76.00     0.000
      77.00     0.000
      78.00     0.000
      79.00     0.000
      80.00     0.000
      81.00     0.000
      82.00     0.000
      83.00     0.000
      84.00     0.000
      85.00     0.000
      86.00     0.000
      87.00     0.000
      88.00     0.000
      89.00     0.000
      90.00     0.000
      91.00     0.000
      92.00     0.000
      93.00     0.000
      94.00     0.000
      95.00     0.000
      96.00     0.000
      97.00     0.000
      98.00     0.000
      99.00     0.000
     100.00     0.000
%% HI4PI Gaussians - height, velocity, width (sigma) 
%     13.773    -0.208     2.424
%      2.763     2.014     8.596
%     10.736     3.698     1.270
%      1.021   -53.069    12.174
%      4.959     4.839     1.884
%      0.607   -17.915     5.394
%% Gaussians are derived from EBHIS                  
