%%    156.540    35.130    0     0.125  -100.000   100.000
% HI4PI gauss data -------------
%   l, b, RA, DEC, beam interpolated N_HI, N_H2_dark, N_H2_tot  
% 156.540 ;  35.130 ; 126.858 ;  60.296 ;  0.386E+21 ;  0.194E+21 ;  0.232E+21
% nearest HEALPix pixel: l, b, RA, DEC, N_HI, N_H2_dark, N_H2_tot
% 156.577 ;  35.136 ; 126.864 ;  60.265 ;  0.385E+21 ;  0.195E+21 ;  0.233E+21
% GASS III survey --------------
% NH - median within 6 arcmin radius   0.00    
% NH - mean within specified beam      0.00    
% EBHIS survey -----------------
% NH  within specified beam           0.388E+21
%%EBHIS   160  datapoints: v_lsr [km/s] and T_B [K]
     -99.09     0.005
     -97.80     0.006
     -96.52    -0.053
     -95.23     0.021
     -93.94    -0.019
     -92.65     0.043
     -91.36     0.031
     -90.08    -0.039
     -88.79    -0.061
     -87.50    -0.039
     -86.21    -0.090
     -84.92    -0.135
     -83.63    -0.012
     -82.35     0.043
     -81.06     0.124
     -79.77    -0.004
     -78.48     0.073
     -77.19     0.020
     -75.90     0.030
     -74.62     0.181
     -73.33     0.008
     -72.04    -0.022
     -70.75     0.019
     -69.46     0.069
     -68.18     0.064
     -66.89     0.131
     -65.60     0.200
     -64.31     0.291
     -63.02     0.403
     -61.73     0.790
     -60.45     0.893
     -59.16     1.001
     -57.87     1.150
     -56.58     1.420
     -55.29     1.724
     -54.00     1.819
     -52.72     1.934
     -51.43     2.006
     -50.14     1.743
     -48.85     1.550
     -47.56     1.358
     -46.28     1.437
     -44.99     1.260
     -43.70     1.276
     -42.41     1.173
     -41.12     1.106
     -39.83     0.958
     -38.55     0.883
     -37.26     0.960
     -35.97     0.860
     -34.68     0.683
     -33.39     0.554
     -32.10     0.550
     -30.82     0.525
     -29.53     0.539
     -28.24     0.353
     -26.95     0.413
     -25.66     0.328
     -24.38     0.372
     -23.09     0.426
     -21.80     0.466
     -20.51     0.417
     -19.22     0.585
     -17.93     0.645
     -16.65     0.733
     -15.36     0.836
     -14.07     1.089
     -12.78     1.278
     -11.49     1.608
     -10.20     1.862
      -8.92     2.191
      -7.63     2.969
      -6.34     4.264
      -5.05     7.360
      -3.76    11.643
      -2.48    12.602
      -1.19    13.622
       0.10    16.936
       1.39    14.753
       2.68     8.292
       3.97     4.382
       5.25     3.257
       6.54     2.790
       7.83     2.406
       9.12     2.260
      10.41     1.833
      11.70     1.523
      12.98     1.339
      14.27     1.172
      15.56     0.919
      16.85     0.736
      18.14     0.645
      19.42     0.715
      20.71     0.465
      22.00     0.354
      23.29     0.279
      24.58     0.283
      25.87     0.262
      27.15     0.164
      28.44     0.163
      29.73     0.195
      31.02     0.271
      32.31     0.114
      33.60     0.091
      34.88     0.160
      36.17     0.072
      37.46    -0.023
      38.75     0.028
      40.04     0.022
      41.32    -0.022
      42.61     0.001
      43.90     0.010
      45.19     0.001
      46.48    -0.081
      47.77     0.083
      49.05     0.137
      50.34     0.069
      51.63     0.068
      52.92     0.112
      54.21     0.020
      55.50    -0.131
      56.78    -0.051
      58.07    -0.066
      59.36    -0.038
      60.65     0.044
      61.94     0.030
      63.22     0.051
      64.51    -0.002
      65.80    -0.004
      67.09     0.038
      68.38     0.023
      69.67    -0.026
      70.95    -0.023
      72.24     0.113
      73.53    -0.008
      74.82     0.035
      76.11     0.025
      77.40     0.028
      78.68    -0.019
      79.97     0.112
      81.26     0.030
      82.55    -0.072
      83.84     0.105
      85.12     0.159
      86.41     0.082
      87.70     0.025
      88.99    -0.034
      90.28    -0.060
      91.57     0.070
      92.85     0.047
      94.14     0.037
      95.43    -0.088
      96.72     0.029
      98.01     0.059
      99.30     0.074
%%GASS      0  datapoints: v_lsr [km/s] and T_B [K]
%%gauss   201  datapoints: v_lsr [km/s] and T_B [K]
    -100.00     0.000
     -99.00     0.000
     -98.00     0.000
     -97.00     0.000
     -96.00     0.000
     -95.00     0.000
     -94.00     0.000
     -93.00     0.000
     -92.00     0.000
     -91.00     0.000
     -90.00     0.000
     -89.00     0.000
     -88.00     0.000
     -87.00     0.000
     -86.00     0.001
     -85.00     0.001
     -84.00     0.001
     -83.00     0.002
     -82.00     0.002
     -81.00     0.003
     -80.00     0.004
     -79.00     0.006
     -78.00     0.008
     -77.00     0.011
     -76.00     0.014
     -75.00     0.019
     -74.00     0.024
     -73.00     0.032
     -72.00     0.041
     -71.00     0.053
     -70.00     0.069
     -69.00     0.089
     -68.00     0.114
     -67.00     0.147
     -66.00     0.190
     -65.00     0.245
     -64.00     0.321
     -63.00     0.434
     -62.00     0.597
     -61.00     0.774
     -60.00     0.915
     -59.00     1.041
     -58.00     1.201
     -57.00     1.392
     -56.00     1.582
     -55.00     1.745
     -54.00     1.859
     -53.00     1.909
     -52.00     1.896
     -51.00     1.830
     -50.00     1.733
     -49.00     1.626
     -48.00     1.523
     -47.00     1.431
     -46.00     1.352
     -45.00     1.284
     -44.00     1.225
     -43.00     1.172
     -42.00     1.122
     -41.00     1.075
     -40.00     1.026
     -39.00     0.976
     -38.00     0.922
     -37.00     0.866
     -36.00     0.806
     -35.00     0.745
     -34.00     0.684
     -33.00     0.624
     -32.00     0.567
     -31.00     0.515
     -30.00     0.469
     -29.00     0.430
     -28.00     0.399
     -27.00     0.378
     -26.00     0.365
     -25.00     0.361
     -24.00     0.367
     -23.00     0.382
     -22.00     0.407
     -21.00     0.443
     -20.00     0.489
     -19.00     0.548
     -18.00     0.620
     -17.00     0.708
     -16.00     0.815
     -15.00     0.941
     -14.00     1.091
     -13.00     1.267
     -12.00     1.471
     -11.00     1.706
     -10.00     1.972
      -9.00     2.275
      -8.00     2.654
      -7.00     3.311
      -6.00     4.803
      -5.00     7.656
      -4.00    10.971
      -3.00    12.578
      -2.00    12.643
      -1.00    14.095
       0.00    16.726
       1.00    16.252
       2.00    11.697
       3.00     6.906
       4.00     4.350
       5.00     3.410
       6.00     3.004
       7.00     2.700
       8.00     2.419
       9.00     2.155
      10.00     1.910
      11.00     1.688
      12.00     1.488
      13.00     1.310
      14.00     1.153
      15.00     1.014
      16.00     0.894
      17.00     0.788
      18.00     0.695
      19.00     0.613
      20.00     0.541
      21.00     0.476
      22.00     0.419
      23.00     0.369
      24.00     0.323
      25.00     0.283
      26.00     0.246
      27.00     0.214
      28.00     0.185
      29.00     0.160
      30.00     0.138
      31.00     0.118
      32.00     0.101
      33.00     0.086
      34.00     0.073
      35.00     0.061
      36.00     0.052
      37.00     0.043
      38.00     0.036
      39.00     0.030
      40.00     0.025
      41.00     0.021
      42.00     0.017
      43.00     0.014
      44.00     0.012
      45.00     0.010
      46.00     0.008
      47.00     0.006
      48.00     0.005
      49.00     0.004
      50.00     0.003
      51.00     0.003
      52.00     0.002
      53.00     0.002
      54.00     0.001
      55.00     0.001
      56.00     0.001
      57.00     0.001
      58.00     0.001
      59.00     0.000
      60.00     0.000
      61.00     0.000
      62.00     0.000
      63.00     0.000
      64.00     0.000
      65.00     0.000
      66.00     0.000
      67.00     0.000
      68.00     0.000
      69.00     0.000
      70.00     0.000
      71.00     0.000
      72.00     0.000
      73.00     0.000
      74.00     0.000
      75.00     0.000
      76.00     0.000
      77.00     0.000
      78.00     0.000
      79.00     0.000
      80.00     0.000
      81.00     0.000
      82.00     0.000
      83.00     0.000
      84.00     0.000
      85.00     0.000
      86.00     0.000
      87.00     0.000
      88.00     0.000
      89.00     0.000
      90.00     0.000
      91.00     0.000
      92.00     0.000
      93.00     0.000
      94.00     0.000
      95.00     0.000
      96.00     0.000
      97.00     0.000
      98.00     0.000
      99.00     0.000
     100.00     0.000
%% HI4PI Gaussians - height, velocity, width (sigma) 
%      2.843    -0.802     6.785
%     12.440     0.535     1.461
%      1.349     1.352    13.273
%      8.099    -3.165     1.524
%      1.081   -45.313    10.788
%      0.584  -158.820    10.213
%      1.073   -54.102     4.457
%% Gaussians are derived from EBHIS                  
