%%    155.670    21.330    0     0.125  -100.000   100.000
% HI4PI gauss data -------------
%   l, b, RA, DEC, beam interpolated N_HI, N_H2_dark, N_H2_tot  
% 155.670 ;  21.330 ;  99.048 ;  59.677 ;  0.639E+21 ;  0.219E+21 ;  0.212E+21
% nearest HEALPix pixel: l, b, RA, DEC, N_HI, N_H2_dark, N_H2_tot
% 155.654 ;  21.342 ;  99.062 ;  59.695 ;  0.646E+21 ;  0.231E+21 ;  0.224E+21
% GASS III survey --------------
% NH - median within 6 arcmin radius   0.00    
% NH - mean within specified beam      0.00    
% EBHIS survey -----------------
% NH  within specified beam           0.640E+21
%%EBHIS   160  datapoints: v_lsr [km/s] and T_B [K]
     -99.09     0.048
     -97.80     0.082
     -96.52     0.069
     -95.23     0.016
     -93.94    -0.008
     -92.65     0.120
     -91.36     0.092
     -90.08     0.040
     -88.79    -0.004
     -87.50     0.033
     -86.21     0.024
     -84.92    -0.056
     -83.63    -0.013
     -82.35     0.101
     -81.06     0.170
     -79.77     0.139
     -78.48     0.110
     -77.19    -0.003
     -75.90     0.187
     -74.62     0.216
     -73.33     0.310
     -72.04     0.214
     -70.75     0.226
     -69.46     0.285
     -68.18     0.155
     -66.89     0.195
     -65.60     0.248
     -64.31     0.148
     -63.02     0.311
     -61.73     0.452
     -60.45     0.463
     -59.16     0.524
     -57.87     0.628
     -56.58     0.672
     -55.29     0.731
     -54.00     0.638
     -52.72     0.875
     -51.43     1.095
     -50.14     1.037
     -48.85     1.118
     -47.56     1.331
     -46.28     1.486
     -44.99     1.523
     -43.70     1.545
     -42.41     1.538
     -41.12     1.300
     -39.83     1.087
     -38.55     1.156
     -37.26     1.079
     -35.97     1.049
     -34.68     0.826
     -33.39     0.791
     -32.10     0.900
     -30.82     0.890
     -29.53     0.929
     -28.24     1.233
     -26.95     1.581
     -25.66     1.848
     -24.38     2.641
     -23.09     3.863
     -21.80     5.408
     -20.51     6.239
     -19.22     6.269
     -17.93     5.902
     -16.65     5.414
     -15.36     5.264
     -14.07     5.403
     -12.78     5.459
     -11.49     5.381
     -10.20     5.150
      -8.92     5.418
      -7.63     5.740
      -6.34     6.424
      -5.05     7.552
      -3.76     8.574
      -2.48     9.190
      -1.19    11.130
       0.10    17.377
       1.39    26.368
       2.68    22.563
       3.97    11.431
       5.25     7.051
       6.54     5.869
       7.83     5.826
       9.12     6.017
      10.41     5.473
      11.70     4.196
      12.98     2.840
      14.27     1.768
      15.56     1.228
      16.85     1.023
      18.14     0.667
      19.42     0.474
      20.71     0.320
      22.00     0.364
      23.29     0.091
      24.58     0.130
      25.87     0.053
      27.15     0.061
      28.44     0.130
      29.73     0.045
      31.02     0.227
      32.31     0.118
      33.60     0.100
      34.88    -0.075
      36.17    -0.087
      37.46     0.117
      38.75     0.091
      40.04     0.009
      41.32    -0.058
      42.61     0.070
      43.90    -0.003
      45.19    -0.035
      46.48    -0.001
      47.77     0.176
      49.05     0.123
      50.34     0.120
      51.63     0.042
      52.92     0.015
      54.21     0.071
      55.50    -0.007
      56.78    -0.058
      58.07    -0.113
      59.36     0.092
      60.65     0.012
      61.94     0.007
      63.22     0.058
      64.51     0.010
      65.80     0.026
      67.09    -0.004
      68.38    -0.009
      69.67     0.010
      70.95    -0.075
      72.24    -0.017
      73.53    -0.103
      74.82     0.022
      76.11     0.004
      77.40     0.076
      78.68     0.054
      79.97     0.036
      81.26     0.021
      82.55     0.155
      83.84    -0.034
      85.12    -0.029
      86.41    -0.054
      87.70    -0.020
      88.99    -0.065
      90.28     0.050
      91.57     0.059
      92.85     0.056
      94.14    -0.155
      95.43    -0.023
      96.72     0.029
      98.01    -0.095
      99.30    -0.035
%%GASS      0  datapoints: v_lsr [km/s] and T_B [K]
%%gauss   201  datapoints: v_lsr [km/s] and T_B [K]
    -100.00     0.020
     -99.00     0.022
     -98.00     0.024
     -97.00     0.026
     -96.00     0.028
     -95.00     0.031
     -94.00     0.033
     -93.00     0.036
     -92.00     0.039
     -91.00     0.042
     -90.00     0.046
     -89.00     0.050
     -88.00     0.054
     -87.00     0.058
     -86.00     0.063
     -85.00     0.068
     -84.00     0.074
     -83.00     0.080
     -82.00     0.087
     -81.00     0.094
     -80.00     0.102
     -79.00     0.110
     -78.00     0.119
     -77.00     0.128
     -76.00     0.139
     -75.00     0.149
     -74.00     0.161
     -73.00     0.173
     -72.00     0.186
     -71.00     0.200
     -70.00     0.215
     -69.00     0.230
     -68.00     0.247
     -67.00     0.264
     -66.00     0.283
     -65.00     0.303
     -64.00     0.325
     -63.00     0.349
     -62.00     0.375
     -61.00     0.404
     -60.00     0.438
     -59.00     0.476
     -58.00     0.519
     -57.00     0.569
     -56.00     0.626
     -55.00     0.691
     -54.00     0.765
     -53.00     0.846
     -52.00     0.935
     -51.00     1.030
     -50.00     1.129
     -49.00     1.226
     -48.00     1.318
     -47.00     1.396
     -46.00     1.455
     -45.00     1.488
     -44.00     1.491
     -43.00     1.465
     -42.00     1.412
     -41.00     1.340
     -40.00     1.256
     -39.00     1.170
     -38.00     1.087
     -37.00     1.013
     -36.00     0.952
     -35.00     0.906
     -34.00     0.876
     -33.00     0.866
     -32.00     0.877
     -31.00     0.912
     -30.00     0.977
     -29.00     1.078
     -28.00     1.226
     -27.00     1.439
     -26.00     1.755
     -25.00     2.239
     -24.00     2.975
     -23.00     3.986
     -22.00     5.117
     -21.00     6.024
     -20.00     6.396
     -19.00     6.236
     -18.00     5.842
     -17.00     5.517
     -16.00     5.374
     -15.00     5.362
     -14.00     5.389
     -13.00     5.389
     -12.00     5.345
     -11.00     5.285
     -10.00     5.267
      -9.00     5.361
      -8.00     5.623
      -7.00     6.081
      -6.00     6.724
      -5.00     7.497
      -4.00     8.304
      -3.00     9.040
      -2.00     9.777
      -1.00    11.511
       0.00    16.626
       1.00    24.396
       2.00    26.590
       3.00    19.558
       4.00    11.358
       5.00     7.397
       6.00     6.164
       7.00     5.823
       8.00     5.860
       9.00     5.980
      10.00     5.761
      11.00     4.975
      12.00     3.840
      13.00     2.770
      14.00     1.992
      15.00     1.484
      16.00     1.143
      17.00     0.893
      18.00     0.696
      19.00     0.540
      20.00     0.417
      21.00     0.322
      22.00     0.249
      23.00     0.194
      24.00     0.154
      25.00     0.123
      26.00     0.101
      27.00     0.085
      28.00     0.073
      29.00     0.064
      30.00     0.057
      31.00     0.051
      32.00     0.047
      33.00     0.043
      34.00     0.039
      35.00     0.037
      36.00     0.034
      37.00     0.032
      38.00     0.029
      39.00     0.027
      40.00     0.025
      41.00     0.024
      42.00     0.022
      43.00     0.020
      44.00     0.019
      45.00     0.017
      46.00     0.016
      47.00     0.015
      48.00     0.014
      49.00     0.013
      50.00     0.012
      51.00     0.011
      52.00     0.010
      53.00     0.009
      54.00     0.009
      55.00     0.008
      56.00     0.007
      57.00     0.007
      58.00     0.006
      59.00     0.006
      60.00     0.005
      61.00     0.005
      62.00     0.004
      63.00     0.004
      64.00     0.004
      65.00     0.003
      66.00     0.003
      67.00     0.003
      68.00     0.002
      69.00     0.002
      70.00     0.002
      71.00     0.002
      72.00     0.002
      73.00     0.001
      74.00     0.001
      75.00     0.001
      76.00     0.001
      77.00     0.001
      78.00     0.001
      79.00     0.001
      80.00     0.001
      81.00     0.001
      82.00     0.001
      83.00     0.001
      84.00     0.000
      85.00     0.000
      86.00     0.000
      87.00     0.000
      88.00     0.000
      89.00     0.000
      90.00     0.000
      91.00     0.000
      92.00     0.000
      93.00     0.000
      94.00     0.000
      95.00     0.000
      96.00     0.000
      97.00     0.000
      98.00     0.000
      99.00     0.000
     100.00     0.000
%% HI4PI Gaussians - height, velocity, width (sigma) 
%      5.985     2.979     6.585
%      4.743   -14.789     6.734
%     19.181     1.782     1.291
%      0.494   -27.793    32.135
%      3.700    -1.986     3.467
%      1.070   -45.101     6.864
%      2.850   -20.482     1.904
%      2.165    10.225     1.888
%      0.449  -296.083    -0.638
%% component flagged & excluded if width negative ---
%% Gaussians are derived from EBHIS                  
