-26.9828 0.1173447566400001
-26.3326 -1.6025999993729556e-7
-25.6824 -0.16293715239999984
-25.0322 -0.14485173509999982
-24.382 -0.03061919233999988
-23.7318 -0.14846881855999983
-23.0816 0.12752306126000024
-22.4314 0.18262049536000013
-21.781200000000002 0.13686018368000008
-21.131 0.18993878050000013
-20.480800000000002 0.20541653298000018
-19.8306 0.013879346040000184
-19.1804 0.08908103472000017
-18.5302 -0.1038020437399998
-17.880000000000003 0.05770493866000015
-17.2298 -0.15074001050000008
-16.5796 0.2101271533000002
-15.929400000000001 -0.04424634398000005
-15.279200000000001 -0.07545420359999988
-14.629000000000001 0.15359970946000012
-13.978800000000001 -0.2516818744999998
-13.328600000000002 -0.16192773376000003
-12.678400000000002 0.06611676066000016
-12.0282 0.17277866362000016
-11.378000000000002 0.08024862162000024
-10.727800000000002 0.06535969668000008
-10.077600000000004 0.2816276403000002
-9.427400000000002 0.17664810174000012
-8.777200000000004 0.11002647150000011
-8.127000000000002 -0.011860829279999763
-7.476800000000004 0.05736846578000021
-6.826600000000003 -0.12239217035999972
-6.176400000000001 0.019010557460000133
-5.526200000000003 -0.2787679413399997
-4.876000000000001 -0.15191766557999986
-4.225800000000003 -0.20575332637999977
-3.5756000000000014 0.06418204160000007
-2.9254000000000033 0.2960959741400002
-2.2752000000000017 0.12811188880000013
-1.6250000000000036 0.18632169704000012
-0.9748000000000019 0.19540646480000023
-0.3246000000000038 0.20373416858000004
0.3255999999999979 0.5798267302000002
0.975799999999996 0.5903415077
1.6259999999999977 0.30450779614000023
2.276199999999996 -0.11120444709999977
2.9263999999999974 0.09118399022000023
3.576599999999999 0.33470623712
4.226799999999997 0.1652921420400002
4.876999999999995 0.18531227840000009
5.527200000000004 0.26068220352000004
6.177400000000002 0.27094462636000016
6.8276 0.24907388916000017
7.4777999999999984 -0.15023530117999973
8.128000000000004 0.1761433924200002
8.778200000000002 0.40242140422000006
9.4284 -0.06039704221999975
10.078599999999998 0.18918171652000004
10.728800000000003 0.07511741020000007
11.379000000000001 0.09707226562000004
12.0292 0.08403394152000021
12.679399999999998 0.07427622800000022
13.329600000000003 -0.05711643163999969
13.979800000000001 0.09345518216000004
14.629999999999999 0.21416482786000013
15.280200000000004 0.025067069300000133
15.930400000000002 0.10354936856000019
16.5806 0.037348329420000104
17.2308 0.20516417832000022
17.881000000000004 -0.01783322289999978
18.531200000000002 -0.025403862699999946
19.1814 -0.08201542476000001
19.831599999999998 0.20062179444000017
20.481800000000003 -0.01144023817999984
21.132 -0.3868598540399997
21.7822 -0.1195321508799998
22.432399999999998 0.22846492526000017
23.082600000000003 0.2560557014200002
23.7328 -0.27498262143999974
24.383 -0.1818637518999997
25.033200000000004 -0.06451883499999966
25.683400000000002 -0.03667570417999966
26.3336 0.18093813096000022
26.9838 -0.16722718161999972
27.634000000000004 -0.16722718161999972
28.284200000000002 -0.12516807161999988
