-26.9828 0.1670586246600001
-26.3326 0.16234800434000007
-25.6824 -0.022712079659999773
-25.0322 -0.04155456093999965
-24.382 0.027254143020000177
-23.7318 0.11583062868000016
-23.0816 0.06367733228000017
-22.4314 0.1689933437200002
-21.781200000000002 0.21080009906000008
-21.131 0.018674084580000194
-20.480800000000002 0.028684152760000137
-19.8306 0.1022875952600002
-19.1804 0.042563659060000036
-18.5302 -0.15191766557999986
-17.880000000000003 0.06140614034000014
-17.2298 -0.05568642189999973
-16.5796 -0.10464322593999964
-15.929400000000001 -0.10287674331999974
-15.279200000000001 -0.14905764609999994
-14.629000000000001 -0.03751688637999995
-13.978800000000001 0.1726104271800002
-13.328600000000002 -0.009169046239999812
-12.678400000000002 -0.15721711344
-12.0282 0.14779555228000008
-11.378000000000002 0.13837431164000025
-10.727800000000002 0.010766971900000089
-10.077600000000004 0.05459256452000005
-9.427400000000002 -0.034993339779999966
-8.777200000000004 0.06275203186000011
-8.127000000000002 -0.006813736079999799
-7.476800000000004 0.0821833406800001
-6.826600000000003 0.17092806278000006
-6.176400000000001 0.3947666462000001
-5.526200000000003 0.8115724263000001
-4.876000000000001 0.7695974345200001
-4.225800000000003 0.48990435302000024
-3.5756000000000014 0.44725641548000006
-2.9254000000000033 0.20785596136000017
-2.2752000000000017 0.21761367488000016
-1.6250000000000036 -0.02372149829999981
-0.9748000000000019 0.0404607035600002
-0.3246000000000038 -0.19574325820000005
0.3255999999999979 0.16260035900000003
0.975799999999996 0.2744775916000002
1.6259999999999977 0.011524035880000172
2.276199999999996 -0.2007903514
2.9263999999999974 -0.13198164743999974
3.576599999999999 0.2070988973800001
4.226799999999997 0.12987837142000003
4.876999999999995 -0.052069338439999724
5.527200000000004 0.22728727018000017
6.177400000000002 0.25899983912000013
6.8276 -0.11549447631999965
7.4777999999999984 0.3755035738200001
8.128000000000004 0.16083387638000013
8.778200000000002 0.24873741628000023
9.4284 -0.09009077387999986
10.078599999999998 -0.10245615222000004
10.728800000000003 0.10632526982000012
11.379000000000001 -0.22409109833999996
12.0292 0.06737853396000015
12.679399999999998 -0.052742284200000045
13.329600000000003 -0.08302484339999983
13.979800000000001 0.14443082348000025
14.629999999999999 0.19389233684000007
15.280200000000004 -0.10195144289999969
15.930400000000002 -0.14165524273999996
16.5806 -0.025403862699999946
17.2308 -0.001093697119999959
17.881000000000004 -0.18758379086
18.531200000000002 -0.0370962952799998
19.1814 0.10043699442000009
19.831599999999998 -0.06990240108000001
20.481800000000003 0.027001788360000223
21.132 0.04315248660000015
21.7822 0.011692272320000141
22.432399999999998 -0.17277898414000004
23.082600000000003 -0.08167895188000007
23.7328 -0.031965083860000076
24.383 -0.08882900057999987
25.033200000000004 0.009421080380000113
25.683400000000002 0.031123581140000134
26.3336 -0.027338581759999814
26.9838 0.02733826124000016
27.634000000000004 -0.07284653877999969
28.284200000000002 0.014215818920000123
