-26.9828 0.02464647820000021
-26.3326 0.11877476638000006
-25.6824 0.12861659812000004
-25.0322 0.02876827098000012
-24.382 0.043404841260000104
-23.7318 -0.041218088059999713
-23.0816 -0.11667213139999988
-22.4314 -0.054004057500000036
-21.781200000000002 -0.07116417438
-21.131 0.037180092980000135
-20.480800000000002 -0.08058541502000005
-19.8306 -0.16554481722000003
-19.1804 0.15418853700000024
-18.5302 -0.00664549963999983
-17.880000000000003 -0.38963575529999983
-17.2298 -0.32881828223999965
-16.5796 -0.016571449599999788
-15.929400000000001 0.16806804330000014
-15.279200000000001 0.03474066460000014
-14.629000000000001 0.10464290542000021
-13.978800000000001 0.03146005402000007
-13.328600000000002 -0.017580868239999825
-12.678400000000002 0.07410799156000003
-12.0282 0.039114812040000224
-11.378000000000002 0.0901745715800002
-10.727800000000002 0.11170883590000025
-10.077600000000004 0.16251624078000004
-9.427400000000002 0.21113657194000024
-8.777200000000004 0.039703639580000116
-8.127000000000002 0.09816580248000006
-7.476800000000004 -0.06889298243999975
-6.826600000000003 -0.025067389820000008
-6.176400000000001 0.2380544023400002
-5.526200000000003 -0.23906414149999988
-4.876000000000001 -0.18278905231999976
-4.225800000000003 0.15881503910000005
-3.5756000000000014 0.23401672778000004
-2.9254000000000033 0.11515768292000006
-2.2752000000000017 -0.24125121521999993
-1.6250000000000036 0.05526551028000015
-0.9748000000000019 0.47627720138000007
-0.3246000000000038 0.5718354993000001
0.3255999999999979 1.50529538664
0.975799999999996 1.8950150999000002
1.6259999999999977 0.41327265460000007
2.276199999999996 0.016402892640000166
2.9263999999999974 -0.19725738615999977
3.576599999999999 0.07881861188000006
4.226799999999997 0.06544381490000006
4.876999999999995 0.006392824460000224
5.527200000000004 0.3950190008600001
6.177400000000002 0.20137885842000003
6.8276 0.04205894974000013
7.4777999999999984 0.007738715980000199
8.128000000000004 0.08193098602000015
8.778200000000002 -0.06073351509999969
9.4284 0.09345518216000004
10.078599999999998 0.09782932960000013
10.728800000000003 -0.25437365753999974
11.379000000000001 -0.07385595741999995
12.0292 0.12256008628000004
12.679399999999998 0.21004303508000022
13.329600000000003 -0.018253813999999924
13.979800000000001 -0.06855650955999981
14.629999999999999 0.21349188210000003
15.280200000000004 0.18531227840000009
15.930400000000002 -0.11700860427999982
16.5806 0.12306479560000017
17.2308 0.1144006189400002
17.881000000000004 -0.06721061804000006
18.531200000000002 0.13425251886000011
19.1814 -0.03061919233999988
19.831599999999998 -0.36187674270000003
20.481800000000003 0.004458105400000134
21.132 0.16302095010000017
21.7822 0.0047945782800000725
22.432399999999998 -0.031460374539999725
23.082600000000003 0.0967357927400001
23.7328 0.09841815714000024
24.383 0.05669552002000011
25.033200000000004 -0.09513786707999983
25.683400000000002 -0.09774553190000002
26.3336 -0.033058620719999654
26.9838 0.06342497762000021
27.634000000000004 0.25395274592000017
28.284200000000002 0.09757697494000017
