-26.9828 -0.02944153725999965
-26.3326 -0.3135087661999998
-25.6824 -0.09379197556000007
-25.0322 0.2465503425600002
-24.382 -0.15932006893999984
-23.7318 0.17959223944000025
-23.0816 -0.0662011993999998
-22.4314 0.011019326560000042
-21.781200000000002 -0.18892968237999974
-21.131 -0.05341522995999992
-20.480800000000002 -0.041049851619999744
-19.8306 0.07259386360000009
-19.1804 0.05577021960000006
-18.5302 0.24318561376000014
-17.880000000000003 0.26000925776000017
-17.2298 -0.12516807161999988
-16.5796 -0.021366188139999798
-15.929400000000001 -0.2759079218599998
-15.279200000000001 -0.24427947113999982
-14.629000000000001 -0.23006349195999998
-13.978800000000001 -0.008496100479999935
-13.328600000000002 0.12424245068000017
-12.678400000000002 0.10758704312000011
-12.0282 0.06855618904000016
-11.378000000000002 -0.12037333307999964
-10.727800000000002 -0.04407810754000008
-10.077600000000004 0.2034818139200001
-9.427400000000002 -0.08899723701999984
-8.777200000000004 -0.08613721753999992
-8.127000000000002 0.06275203186000011
-7.476800000000004 -0.07351948454000001
-6.826600000000003 0.03230123622000014
-6.176400000000001 0.18985466228000014
-5.526200000000003 -0.18127492436000003
-4.876000000000001 0.1446831781400002
-4.225800000000003 0.29584361948000004
-3.5756000000000014 0.27355229118000013
-2.9254000000000033 0.14737496118000015
-2.2752000000000017 0.05358314588000024
-1.6250000000000036 0.1112882448000001
-0.9748000000000019 -0.12256040679999969
-0.3246000000000038 0.2179501477600001
0.3255999999999979 0.19666823810000023
0.975799999999996 0.6742914912600002
1.6259999999999977 0.7828881132800001
2.276199999999996 0.19843472072000012
2.9263999999999974 -0.11271857505999994
3.576599999999999 0.14173904044000007
4.226799999999997 0.017244074840000234
4.876999999999995 -0.1612547879999997
5.527200000000004 -0.04786342744000005
6.177400000000002 0.17471338268000003
6.8276 0.16302095010000017
7.4777999999999984 0.028431798100000183
8.128000000000004 0.05030253530000017
8.778200000000002 0.12054124900000018
9.4284 0.2149218918400002
10.078599999999998 0.16739509754000004
10.728800000000003 -0.18346199808000008
11.379000000000001 -0.34513721691999977
12.0292 -0.11339152081999981
12.679399999999998 0.1906958444800002
13.329600000000003 0.2004535580000002
13.979800000000001 -0.16689070873999978
14.629999999999999 0.1816110767200001
15.280200000000004 0.23788616590000022
15.930400000000002 0.1258406968600001
16.5806 0.15216969972000016
17.2308 0.07057502632000023
17.881000000000004 -0.3377348135599998
18.531200000000002 -0.12205569747999978
19.1814 -0.010851410639999948
19.831599999999998 0.3100595986600001
20.481800000000003 0.03776892052000025
21.132 0.1622638861200001
21.7822 -0.08807193659999979
22.432399999999998 -0.22038989665999975
23.082600000000003 0.011692272320000141
23.7328 0.048199579800000114
24.383 -0.021366188139999798
25.033200000000004 0.017244074840000234
25.683400000000002 0.03818951162000017
26.3336 0.06233144076000019
26.9838 0.29113299916000024
27.634000000000004 0.11086765370000018
28.284200000000002 0.13214956336000006
