-26.9828 0.023721177780000158
-26.3326 -0.1473752816999998
-25.6824 -0.08840840947999973
-25.0322 0.07629506528000007
-24.382 -0.08041717857999964
-23.7318 -0.16049772402000007
-23.0816 -0.021955015679999912
-22.4314 0.05703199290000005
-21.781200000000002 0.22367018672000016
-21.131 0.021197631180000176
-20.480800000000002 0.13526193750000015
-19.8306 -0.010514937759999787
-19.1804 -0.19128499253999975
-18.5302 -0.048872846079999865
-17.880000000000003 0.15898327554000025
-17.2298 -0.05265816597999984
-16.5796 0.09210929064000006
-15.929400000000001 0.02944121674000022
-15.279200000000001 -0.18581730823999965
-14.629000000000001 0.1403931489200001
-13.978800000000001 0.035077137480000076
-13.328600000000002 0.16184329502000017
-12.678400000000002 -0.011103765299999901
-12.0282 -0.10624147212000001
-11.378000000000002 0.015561710440000098
-10.727800000000002 0.26085043996000024
-10.077600000000004 0.018169375260000065
-9.427400000000002 0.1403931489200001
-8.777200000000004 0.1652921420400002
-8.127000000000002 0.3009748309000002
-7.476800000000004 0.021197631180000176
-6.826600000000003 -0.26219665199999986
-6.176400000000001 -0.23982120547999997
-5.526200000000003 0.03903069382000024
-4.876000000000001 -0.13425283938
-4.225800000000003 -0.08100600611999975
-3.5756000000000014 -0.07797775019999986
-2.9254000000000033 0.22568902400000024
-2.2752000000000017 0.4274886337800001
-1.6250000000000036 1.5036130222400002
-0.9748000000000019 2.77632169084
-0.3246000000000038 2.50815280548
0.3255999999999979 0.5131209817400002
0.975799999999996 0.20474358722000008
1.6259999999999977 0.06502322380000014
2.276199999999996 0.04155424042000022
2.9263999999999974 -0.1662177629799999
3.576599999999999 -0.08344543449999997
4.226799999999997 0.11339120030000016
4.876999999999995 0.03818951162000017
5.527200000000004 0.06300438652000007
6.177400000000002 0.03230123622000014
6.8276 0.1646191962800001
7.4777999999999984 0.17210571786000006
8.128000000000004 0.0489566437800002
8.778200000000002 0.2792723301400002
9.4284 0.09951169400000004
10.078599999999998 0.1761433924200002
10.728800000000003 0.09606284698000023
11.379000000000001 0.09858639358000021
12.0292 -0.14872117322
12.679399999999998 -0.18388258917999978
13.329600000000003 -0.06779944557999973
13.979800000000001 -0.05509759436000006
14.629999999999999 0.08664160634000018
15.280200000000004 -0.028936827939999743
15.930400000000002 -0.14291701603999996
16.5806 -0.14855293678000003
17.2308 -0.18514436247999977
17.881000000000004 -0.016992040699999933
18.531200000000002 0.10043699442000009
19.1814 0.09143634488000019
19.831599999999998 -0.15620769479999974
20.481800000000003 0.20062179444000017
21.132 0.3145178643200002
21.7822 0.28373059580000004
22.432399999999998 0.16840451618000007
23.082600000000003 0.2004535580000002
23.7328 0.25041978068000015
24.383 0.2526068544000002
25.033200000000004 0.1683203979600001
25.683400000000002 0.0852957148200002
26.3336 0.22139899478000014
26.9838 -0.11330740260000005
27.634000000000004 0.15208558150000018
28.284200000000002 0.3145178643200002
