-26.9828 0.13324310022000008
-26.3326 -0.015814385619999927
-25.6824 -0.05425641215999977
-25.0322 0.1646191962800001
-24.382 -0.10969031914000005
-23.7318 -0.15116060159999978
-23.0816 0.07898684832000025
-22.4314 -0.025235626259999977
-21.781200000000002 -0.07730480443999999
-21.131 0.0465172154000002
-20.480800000000002 -0.02229148855999985
-19.8306 -0.1800972692799998
-19.1804 0.057284347560000226
-18.5302 -0.14468349865999985
-17.880000000000003 0.19658411988000024
-17.2298 0.17345160938000004
-16.5796 0.13702842012000005
-15.929400000000001 0.04853605268000005
-15.279200000000001 -0.20213624291999976
-14.629000000000001 -0.06914533709999993
-13.978800000000001 0.050891362840000065
-13.328600000000002 0.0037010414200000508
-12.678400000000002 -0.18489200782000004
-12.0282 -0.0644347167799999
-11.378000000000002 0.04777898870000019
-10.727800000000002 0.2380544023400002
-10.077600000000004 0.0646867509200002
-9.427400000000002 0.2878523885800002
-8.777200000000004 0.1913687902400001
-8.127000000000002 0.2877682703600002
-7.476800000000004 0.24663446078000018
-6.826600000000003 0.29281536356000015
-6.176400000000001 0.06552793312000005
-5.526200000000003 0.018337611700000034
-4.876000000000001 -0.06687414515999968
-4.225800000000003 0.1355142921600001
-3.5756000000000014 0.16016093062000003
-2.9254000000000033 0.0603967217000001
-2.2752000000000017 0.32427557784000016
-1.6250000000000036 -0.019852060179999853
-0.9748000000000019 0.26253280436000015
-0.3246000000000038 -0.08563250822000001
0.3255999999999979 -0.044919289739999924
0.975799999999996 -0.06922945531999969
1.6259999999999977 0.4603788578000001
2.276199999999996 0.5848738234000002
2.9263999999999974 0.005383405820000187
3.576599999999999 0.23940029386000017
4.226799999999997 -0.00235547041999995
4.876999999999995 0.08184686780000017
5.527200000000004 0.0010933766000000844
6.177400000000002 -0.018506168659999878
6.8276 0.2102112715200002
7.4777999999999984 0.10783939778000007
8.128000000000004 -0.0559387765599999
8.778200000000002 0.1548614827600001
9.4284 0.007654597760000215
10.078599999999998 0.1119611905600002
10.728800000000003 -0.011103765299999901
11.379000000000001 -0.052742284200000045
12.0292 -0.10497969882000002
12.679399999999998 0.01522523756000016
13.329600000000003 0.025319423960000087
13.979800000000001 0.11515768292000006
14.629999999999999 0.21954839394000003
15.280200000000004 -0.20028564207999966
15.930400000000002 -0.13551461267999998
16.5806 0.024225887100000065
17.2308 -0.25874780497999983
17.881000000000004 0.09648343808000015
18.531200000000002 0.04088129466000012
19.1814 0.33765037482000015
19.831599999999998 0.20617359696000004
20.481800000000003 0.11566239224000019
21.132 -0.17000308287999988
21.7822 -0.04862049141999969
22.432399999999998 0.15755326580000006
23.082600000000003 0.021029394740000207
23.7328 0.1754704466600001
24.383 -0.08403426203999964
25.033200000000004 0.01202874520000008
25.683400000000002 -0.010683174199999756
26.3336 -0.09067960141999998
26.9838 -0.009169046239999812
27.634000000000004 -0.27859970489999974
28.284200000000002 -0.15990889647999995
