-26.9828 0.0276747341200001
-26.3326 0.1774051657200002
-25.6824 0.15183322684000022
-25.0322 0.0586302390800002
-24.382 -0.17992903283999984
-23.7318 0.08647336990000021
-23.0816 0.21349188210000003
-22.4314 0.22846492526000017
-21.781200000000002 0.0319647633400002
-21.131 0.01186050876000011
-20.480800000000002 0.037348329420000104
-19.8306 -0.03978807831999975
-19.1804 -0.08672604508000004
-18.5302 -0.25176599272
-17.880000000000003 -0.18287317053999996
-17.2298 -0.05728466807999966
-16.5796 0.05131195394000021
-15.929400000000001 0.07797742968000021
-15.279200000000001 -0.06451883499999966
-14.629000000000001 -0.08428661669999982
-13.978800000000001 -0.17891961420000002
-13.328600000000002 -0.22097872419999987
-12.678400000000002 -0.23822295930000004
-12.0282 -0.35926907787999984
-11.378000000000002 -0.18152727901999977
-10.727800000000002 0.05509727384000018
-10.077600000000004 0.10085758552000024
-9.427400000000002 -0.19305147515999965
-8.777200000000004 -0.15545063081999966
-8.127000000000002 0.1852281601800001
-7.476800000000004 0.7101258529800001
-6.826600000000003 2.9969637819
-6.176400000000001 4.26681243102
-5.526200000000003 3.6640212665
-4.876000000000001 2.55248310742
-4.225800000000003 1.8152710273400001
-3.5756000000000014 2.06728921446
-2.9254000000000033 1.6376133467
-2.2752000000000017 1.54785920596
-1.6250000000000036 1.3291518339600001
-0.9748000000000019 0.5194298482400002
-0.3246000000000038 0.28196411318000014
0.3255999999999979 0.009421080380000113
0.975799999999996 0.23233436338000013
1.6259999999999977 0.0029439774400001895
2.276199999999996 0.06342497762000021
2.9263999999999974 0.02464647820000021
3.576599999999999 0.08781926142000018
4.226799999999997 0.09168869954000014
4.876999999999995 -0.08479132601999972
5.527200000000004 0.23788616590000022
6.177400000000002 0.008832252840000221
6.8276 0.1119611905600002
7.4777999999999984 0.04954547132000009
8.128000000000004 -0.0886607641399999
8.778200000000002 0.009841671480000036
9.4284 0.14443082348000025
10.078599999999998 0.27893585726000003
10.728800000000003 0.017412311280000203
11.379000000000001 0.15410441878000003
12.0292 0.05198489970000009
12.679399999999998 -0.23578353091999982
13.329600000000003 -0.1360193219999999
13.979800000000001 -0.09067960141999998
14.629999999999999 -0.09454903953999971
15.280200000000004 0.01202874520000008
15.930400000000002 0.13526193750000015
16.5806 0.008748134620000236
17.2308 -0.10346557085999986
17.881000000000004 0.07730448392000011
18.531200000000002 -0.14030935121999977
19.1814 0.04862017090000004
19.831599999999998 -0.011860829279999763
20.481800000000003 -0.07764127731999992
21.132 -0.11507388521999995
21.7822 0.10632526982000012
22.432399999999998 0.02557177862000004
23.082600000000003 -0.015309676299999797
23.7328 -0.06586472651999986
24.383 0.10363348678000017
25.033200000000004 -0.12373806187999992
25.683400000000002 -0.12474748051999973
26.3336 -0.18077021503999968
26.9838 -0.14308525247999992
27.634000000000004 0.12508363288000024
28.284200000000002 0.37213884502000005
