-35.1 0.0
-33.800000000000004 0.0
-32.5 0.0
-31.200000000000003 0.0
-29.900000000000002 0.0
-28.6 0.0
-27.3 0.0
-26.0 0.0
-24.700000000000003 0.011568292299999783
-23.400000000000002 -0.01582886420000129
-22.1 0.0736685136999995
-20.8 -0.0846261682999998
-19.5 0.014612420799998915
-18.200000000000003 0.11141570709999904
-16.900000000000002 0.020700677799998957
-15.600000000000001 -0.0036523502000012087
-14.3 -0.15890290370000137
-13.0 0.03835662310000032
-11.700000000000003 -0.08584381970000088
-10.400000000000002 -0.23257081340000063
-9.100000000000001 -0.04505249779999865
-7.800000000000001 -0.1235910131000022
-6.5 0.3701666295999999
-5.199999999999999 2.2575262996000003
-3.900000000000002 1.4276968705000002
-2.5999999999999943 0.3659048496999997
-1.2999999999999972 0.020091852100000196
0.0 0.20517486490000003
1.3000000000000043 0.09558623889999929
2.6000000000000014 0.05540374269999937
3.9000000000000057 0.013394769399999618
5.200000000000003 -0.08279969119999997
6.5 -0.02739655249999906
7.800000000000004 -0.03896424080000038
9.100000000000001 0.08097442209999883
10.400000000000006 0.0030447324999993697
11.700000000000003 0.0505331371000004
13.0 0.0505331371000004
14.300000000000004 0.046271357200000196
15.600000000000001 0.004262383900000444
16.900000000000006 -0.08036438840000137
18.200000000000003 0.09315093609999892
19.5 -0.014611212800000217
20.800000000000004 -0.15098816959999972
22.1 -0.04992310339999939
23.400000000000006 -0.029223029599998895
24.700000000000003 -0.10715271920000013
26.000000000000007 -0.09071442530000162
27.300000000000004 0.0
28.6 0.0
29.9 0.0
31.20000000000001 0.0
32.50000000000001 0.0
33.800000000000004 0.0
35.1 0.0
