-26.9828 0.2675798975600001
-26.3326 0.17210571786000006
-25.6824 0.11784946596000023
-25.0322 -0.056695840539999987
-24.382 0.09051104446000013
-23.7318 0.23065199898000022
-23.0816 -0.08798781838000003
-22.4314 -0.16049772402000007
-21.781200000000002 0.15090792642000017
-21.131 0.1088488164200001
-20.480800000000002 0.2300631714400001
-19.8306 0.09101575378000004
-19.1804 0.1548614827600001
-18.5302 0.12121419476000006
-17.880000000000003 -0.24049415123999984
-17.2298 -0.06098586975999987
-16.5796 -0.00664549963999983
-15.929400000000001 0.14628142432000013
-15.279200000000001 -0.031628610979999694
-14.629000000000001 -0.022039133899999896
-13.978800000000001 0.015561710440000098
-13.328600000000002 0.06981796234000015
-12.678400000000002 0.14905732558000007
-12.0282 -0.07974423281999976
-11.378000000000002 -0.004458425919999787
-10.727800000000002 0.25294332728000013
-10.077600000000004 0.22064193080000005
-9.427400000000002 -0.008664336919999904
-8.777200000000004 0.09118399022000023
-8.127000000000002 0.3131719728000002
-7.476800000000004 0.18783582500000007
-6.826600000000003 -0.16335774349999999
-6.176400000000001 -0.17479782141999967
-5.526200000000003 -0.2860862264799999
-4.876000000000001 0.054760800960000244
-4.225800000000003 0.22863316170000014
-3.5756000000000014 0.054256091640000115
-2.9254000000000033 0.3035824957200002
-2.2752000000000017 1.3067763874400002
-1.6250000000000036 1.89215508042
-0.9748000000000019 2.49031974284
-0.3246000000000038 2.51235871648
0.3255999999999979 2.04356787642
0.975799999999996 1.1265110419800002
1.6259999999999977 0.54424472314
2.276199999999996 0.4320310176600002
2.9263999999999974 0.1228965591600002
3.576599999999999 -0.014720848759999905
4.226799999999997 0.24806447052000014
4.876999999999995 -0.08125836077999993
5.527200000000004 -0.3248647258999997
6.177400000000002 0.07082738098000019
6.8276 0.21231422702000025
7.4777999999999984 0.15915151198000022
8.128000000000004 0.05577021960000006
8.778200000000002 0.0216182222800001
9.4284 0.08470688728000009
10.078599999999998 -0.1419917156199999
10.728800000000003 -0.08226777941999974
11.379000000000001 -0.14030935121999977
12.0292 0.032048881560000186
12.679399999999998 0.051564308600000164
13.329600000000003 0.024394123540000034
13.979800000000001 0.27758996574000006
14.629999999999999 0.24596151502000008
15.280200000000004 -0.22644640849999997
15.930400000000002 0.028431798100000183
16.5806 0.2107159808400001
17.2308 0.037011856540000165
17.881000000000004 0.09589461054000004
18.531200000000002 0.07393975512000006
19.1814 0.3147702189800001
19.831599999999998 -0.26118723336000005
20.481800000000003 -0.1285328004199997
21.132 0.1731151365000001
21.7822 0.00866401640000003
22.432399999999998 -0.21164160178000002
23.082600000000003 -0.20213624291999976
23.7328 -0.21197807465999996
24.383 -0.03718041350000001
25.033200000000004 -0.004458425919999787
25.683400000000002 -0.02944153725999965
26.3336 0.14779555228000008
26.9838 -0.2831420887799998
27.634000000000004 -0.011356119959999855
28.284200000000002 0.02254352270000015
