-82.9 0.023672775400000123
-82.24981000000001 0.11332122340000028
-81.59962 0.07241911900000009
-80.94943 0.16514923240000012
-80.29924000000001 -0.011626300999999728
-79.64905 0.07438017880000025
-78.99886000000001 -0.024933492499999765
-78.34867 0.12452727940000008
-77.69848 -0.03347811019999991
-77.04829000000001 -0.13097079739999984
-76.3981 -0.4593082381999998
-75.74791 -0.0973526294
-75.09772000000001 -0.09861331069999979
-74.44753 0.12592803639999994
-73.79734 0.10939910379999995
-73.14715000000001 -0.005883197299999754
-72.49696 0.13769439520000004
-71.84677 -0.04342348489999992
-71.19658000000001 -0.1958258465
-70.54639 0.08096373670000023
-69.89620000000001 0.07662139000000012
-69.24601000000001 0.07858244980000029
-68.59582 -0.18812168299999987
-67.94563000000001 0.17075226040000002
-67.29544 0.15688476610000013
-66.64525 0.1491806026
-65.99506 0.03529905850000015
-65.34487 -0.09581179669999962
-64.69468 -0.024933492499999765
-64.04449 -0.08124392389999979
-63.3943 0.1262081878000001
-62.744110000000006 -0.017229328999999627
-62.093920000000004 0.038941026700000325
-61.44373 -0.030396444800000033
-60.79354000000001 -0.19848728479999966
-60.14335 -0.15604434769999997
-59.49316 -0.03655977559999979
-58.84297 -0.08250460520000003
-58.19278 0.16781067070000022
-57.542590000000004 -0.0008404720999997117
-56.8924 -0.10701785269999986
-56.24221 0.03964140520000026
-55.592020000000005 0.12999023170000035
-54.94183 0.12116546260000005
-54.29164 -0.07844240989999962
-53.641450000000006 -0.11514224329999978
-52.99126 0.17537475850000028
-52.34107 0.056450489199999954
-51.69088000000001 0.004762555900000187
-51.04069 -0.0014007749000000125
-50.3905 -0.005042743099999747
-49.74031000000001 0.016809066099999992
-49.090120000000006 -0.08362521079999974
-48.439930000000004 0.03810057250000032
-47.78974 -0.13363223569999994
-47.13955000000001 -0.15366306080000003
-46.489360000000005 0.04370360050000022
-45.83917 -0.0521081782999997
-45.18898000000001 -0.05743105489999989
-44.538790000000006 0.23490693100000026
-43.888600000000004 -0.009525165499999932
-43.23841 0.041462389300000346
-42.58822000000001 0.08418547780000019
-41.938030000000005 -0.10043429479999988
-41.28784 -0.029275839199999876
-40.63765000000001 0.08054350960000001
-39.987460000000006 -0.03810060829999973
-39.337270000000004 -0.011346149600000022
-38.68708 -0.16290805699999966
-38.03689000000001 -0.20773228099999974
-37.386700000000005 -0.21375553609999987
-36.73651 -0.11626284889999994
-36.08632000000001 -0.016108723399999914
-35.436130000000006 0.010505659600000161
-34.785940000000004 -0.0005603207000000054
-34.13575 -0.29682042620000004
-33.48556000000001 -0.07410006319999995
-32.835370000000005 -0.07325960899999995
-32.18518 -0.12004489279999975
-31.53499 0.0741000274000001
-30.884800000000006 0.02479338100000028
-30.234610000000004 0.07522063300000026
-29.58442 0.1070178169
-28.934230000000007 0.1388150008000002
-28.284040000000005 -0.01694917759999992
-27.633850000000002 -0.024933492499999765
-26.98366 0.09399077680000012
-26.333470000000005 -0.0037820617999999584
-25.683280000000003 -0.07900271269999992
-25.03309 -0.04188265219999998
-24.382900000000006 0.2902368325000002
-23.732710000000004 0.09959380480000002
-23.082520000000002 0.04076201079999997
-22.43233 0.052668445300000144
-21.782140000000005 0.12900970180000026
-21.131950000000003 0.05561003499999995
-20.48176 0.1414764391000003
-19.831570000000006 -0.14343753469999987
-19.181379999999997 -0.15282260660000002
-18.531189999999995 0.15660461469999998
-17.881 0.02045103430000017
-17.23080999999999 -0.23406651259999967
-16.580619999999996 -0.05084749699999991
-15.930430000000001 -0.047625755899999955
-15.280239999999992 0.0923098684000001
-14.630049999999997 0.17145263889999995
-13.979860000000002 -0.0694775650999997
-13.329669999999993 -0.04230287929999976
-12.679479999999998 -0.001961077699999869
-12.029289999999989 0.017789596000000074
-11.379099999999994 -0.10449649009999984
-10.728909999999999 0.016809066099999992
-10.07871999999999 0.06625578820000033
-9.428529999999995 -0.03095674759999989
-8.77834 0.04384367620000029
-8.12814999999999 0.04384367620000029
-7.477959999999996 0.0050427073000003375
-6.827770000000001 -0.07578097159999997
-6.177579999999992 -0.03796053259999965
-5.527389999999997 0.27734986809999995
-4.877200000000002 0.019050277300000307
-4.227009999999993 0.16809082210000037
-3.576819999999998 0.31993288090000016
-2.9266299999999887 1.2486347719000002
-2.276439999999994 1.9273015384
-1.6262499999999989 1.0126072174
-0.9760599999999897 0.3810058861000001
-0.3258699999999948 0.49488743020000037
0.32432000000000016 0.6167532892
0.9745100000000093 0.9752070055000002
1.6247000000000043 0.5497971046000001
2.274889999999999 -0.0700378679
2.9250800000000083 -0.18630069889999978
3.5752700000000033 0.0797030554
4.225460000000012 0.04986693129999997
4.875650000000007 0.05911192750000005
5.525840000000002 0.2043704284000003
6.1760300000000115 0.23140503850000016
6.826220000000006 -0.05631044929999973
7.476410000000001 -0.06681612680000004
8.12660000000001 -0.12928988899999982
8.776790000000005 -0.12102542269999983
9.42698 0.030536484700000255
10.07717000000001 -0.2217398509999997
10.727360000000004 0.011486189500000243
11.37755 0.13671386529999996
12.027740000000009 0.14189666620000008
12.677930000000003 0.13587341109999995
13.328120000000013 -0.053929162399999786
13.978310000000008 -0.10799838259999994
14.628500000000003 -0.010785846799999721
15.278690000000012 -0.00420228889999974
15.928880000000007 -0.2525565049999998
16.57907 -0.041042197999999974
17.22926000000001 -0.018069783199999634
17.879450000000006 0.21403565170000016
18.52964 0.21571656010000018
19.17983000000001 0.13111083730000006
19.830020000000005 -0.09791293219999986
20.480210000000014 -0.021711751399999812
21.13040000000001 0.09889342630000009
21.780590000000004 0.14427795310000002
22.430780000000013 0.1965261892000001
23.080970000000008 -0.018349934599999784
23.731160000000003 0.09987395620000017
24.381350000000012 -0.018069783199999634
25.031540000000007 0.02661436510000037
25.68173 0.1708923361000001
26.33192000000001 0.17285339590000026
26.982110000000006 0.18027740800000025
27.6323 -0.0016809262999997188
28.28249000000001 -0.06373446139999972
28.932680000000005 -0.0708783221
29.582870000000014 -0.05855166050000005
30.23306000000001 0.041182237900000196
30.883250000000004 0.21655701430000018
31.533440000000013 -0.16108707290000002
32.18363000000001 -0.025633870999999697
32.83382 0.1243872037
33.48401000000001 0.10141478890000011
34.13420000000001 0.16921142770000008
34.78439 0.09287017119999996
35.43458000000001 0.12116546260000005
36.084770000000006 0.029415879100000097
36.73496 0.0028014961000000227
37.38515000000001 0.020591110000000246
38.035340000000005 -0.03165712609999982
38.685530000000014 0.019470504400000088
39.33572000000001 -0.11654300029999964
39.985910000000004 0.025913986599999994
40.63610000000001 0.07732176850000005
41.28629000000001 0.10225524310000011
41.93648 0.10715789260000008
42.58667000000001 0.1414764391000003
43.23686000000001 -0.013587360799999892
43.88705 0.11612273740000001
44.53724000000001 -0.0082644841999997
45.187430000000006 0.0620535172000003
45.83761999999999 0.018489974500000006
46.487809999999996 -0.001821001999999794
47.138000000000005 -0.05098757269999998
47.788189999999986 -0.15534396920000004
48.438379999999995 -0.06037264459999969
49.088570000000004 -0.05589022219999995
49.738759999999985 -0.01694917759999992
50.388949999999994 0.09567168520000013
51.03914 -0.02255220559999982
51.689329999999984 -0.011766376699999803
52.33951999999999 0.0984731992000003
52.98971 0.01176634089999995
53.63989999999998 -0.1577252561
54.29008999999999 0.053648975200000226
54.94028 -0.041042197999999974
55.59046999999998 0.049306628500000116
56.24065999999999 -0.03754030549999987
56.89085 -0.046084923200000016
57.54103999999998 0.01568846050000028
58.19122999999999 0.23896912630000022
58.84142 -0.03796053259999965
59.49161000000001 0.08992858150000016
60.14179999999999 0.012186568000000175
60.79199 0.10939910379999995
61.44218000000001 -0.17033206909999965
62.09236999999999 0.04258299490000006
62.74256 0.1543634035000001
63.39275000000001 -0.027034628000000005
64.04293999999999 -0.024513265399999984
64.69313 -0.10281558169999983
65.34332 -0.11962466569999997
65.99350999999999 0.0032217232000002483
66.6437 0.13013030739999998
67.29389 0.13601348680000003
67.94407999999999 -0.013867512200000043
68.59427 -0.02871553640000002
69.24446 0.06163329010000007
69.89464999999998 0.0358593613
70.54484 -0.18461979049999977
71.19503 0.03109678750000011
71.84521999999998 0.05098753690000013
72.49540999999999 0.23518708239999997
73.1456 -0.07634127439999983
73.79578999999998 -0.1933044839
74.44597999999999 -0.1879816072999998
75.09617 0.01414762780000034
75.74636000000001 0.06471495549999995
76.39654999999999 -0.0764813500999999
77.04674 -0.09847323499999971
77.69693000000001 -0.013587360799999892
78.34711999999999 0.0914694142000001
78.99731 -0.03543916999999963
79.64750000000001 -0.013447285099999817
80.29768999999999 0.03319792300000035
80.94788 -0.15184207669999994
81.59807 0.010925886699999943
82.24825999999999 -0.13601352259999988
82.89845 -0.2934586094
