-82.9 0.030069217659999925
-82.24980000000001 0.09002160441999996
-81.59960000000001 -0.029976552880000007
-80.94940000000001 -3.594999999911863e-7
-80.2992 0.26997214847999995
-79.649 0.06004541103999994
-78.9988 0.09002160441999996
-78.3486 0.11999779779999997
-77.6984 0.06004541103999994
-77.04820000000001 -0.09002232341999994
-76.39800000000001 -0.029976552880000007
-75.74780000000001 0.14997399118
-75.0976 0.14997399118
-74.4474 -0.05995274626000002
-73.7972 -0.029976552880000007
-73.147 -0.09002232341999994
-72.49680000000001 -0.09002232341999994
-71.84660000000001 -0.029976552880000007
-71.19640000000001 0.06004541103999994
-70.5462 -3.594999999911863e-7
-69.896 0.21001976171999992
-69.2458 0.14997399118
-68.5956 0.11999779779999997
-67.9454 0.14997399118
-67.29520000000001 0.21001976171999992
-66.64500000000001 0.030069217659999925
-65.99480000000001 -0.11999851679999995
-65.34460000000001 0.030069217659999925
-64.6944 -0.1500680939600001
-64.0442 -0.05995274626000002
-63.394000000000005 -0.029976552880000007
-62.74380000000001 -0.09002232341999994
-62.09360000000001 -0.05995274626000002
-61.44340000000001 0.09002160441999996
-60.793200000000006 0.14997399118
-60.14300000000001 0.030069217659999925
-59.4928 0.06004541103999994
-58.842600000000004 0.09002160441999996
-58.192400000000006 -0.1500680939600001
-57.54220000000001 -0.2100204807199999
-56.89200000000001 -0.09002232341999994
-56.24180000000001 -3.594999999911863e-7
-55.59160000000001 -0.029976552880000007
-54.94140000000001 -0.029976552880000007
-54.2912 -0.1800442873400001
-53.641000000000005 -0.30004244463999985
-52.99080000000001 0.21001976171999992
-52.34060000000001 0.09002160441999996
-51.69040000000001 -0.05995274626000002
-51.04020000000001 0.09002160441999996
-50.39 0.1800435683399999
-49.7398 0.030069217659999925
-49.089600000000004 0.09002160441999996
-48.439400000000006 -0.09002232341999994
-47.7892 -0.029976552880000007
-47.139 0.26997214847999995
-46.488800000000005 0.1800435683399999
-45.83860000000001 -3.594999999911863e-7
-45.1884 0.015034429079999967
-44.5382 0.030069217659999925
-43.888000000000005 -0.23999667409999992
-43.23780000000001 -0.11999851679999995
-42.5876 -0.1500680939600001
-41.937400000000004 0.030069217659999925
-41.287200000000006 -0.029976552880000007
-40.637 -0.05995274626000002
-39.9868 -0.09002232341999994
-39.336600000000004 0.09002160441999996
-38.686400000000006 -0.1500680939600001
-38.0362 -0.05995274626000002
-37.386 -0.05995274626000002
-36.735800000000005 -0.05995274626000002
-36.08560000000001 -0.09002232341999994
-35.4354 -0.1500680939600001
-34.7852 -0.1500680939600001
-34.135000000000005 -0.09002232341999994
-33.48480000000001 -3.594999999911863e-7
-32.8346 -3.594999999911863e-7
-32.184400000000004 -0.029976552880000007
-31.534200000000006 0.030069217659999925
-30.884 -3.594999999911863e-7
-30.233800000000002 -0.2100204807199999
-29.583600000000004 0.09002160441999996
-28.933400000000006 -3.594999999911863e-7
-28.2832 0.11999779779999997
-27.633000000000003 -0.1500680939600001
-26.982800000000005 -0.05995274626000002
-26.332600000000006 0.06004541103999994
-25.6824 -0.1500680939600001
-25.032200000000003 0.14997399118
-24.382000000000005 -3.594999999911863e-7
-23.731800000000007 0.11999779779999997
-23.0816 -0.09002232341999994
-22.431400000000004 -3.594999999911863e-7
-21.781200000000005 -0.09002232341999994
-21.131 -3.594999999911863e-7
-20.480800000000002 0.11999779779999997
-19.830600000000004 0.06004541103999994
-19.180400000000006 -0.029976552880000007
-18.530200000000008 -0.11999851679999995
-17.88000000000001 0.09002160441999996
-17.229799999999997 0.09002160441999996
-16.5796 -0.09002232341999994
-15.929400000000001 -3.594999999911863e-7
-15.279200000000003 -3.594999999911863e-7
-14.629000000000005 -0.09002232341999994
-13.978800000000007 -0.09002232341999994
-13.328600000000009 0.030069217659999925
-12.67840000000001 -0.05995274626000002
-12.028199999999998 -0.1800442873400001
-11.378 -0.26997286747999993
-10.727800000000002 -0.09002232341999994
-10.077600000000004 0.11999779779999997
-9.427400000000006 0.1800435683399999
-8.777200000000008 0.23999595509999994
-8.12700000000001 0.030069217659999925
-7.476799999999997 -3.594999999911863e-7
-6.826599999999999 0.06004541103999994
-6.176400000000001 0.14997399118
-5.526200000000003 0.09002160441999996
-4.876000000000005 -0.09002232341999994
-4.225800000000007 0.23999595509999994
-3.5756000000000085 0.1800435683399999
-2.9254000000000104 1.0799830562
-2.275199999999998 1.64999764932
-1.625 0.81001054822
-0.9748000000000019 0.3899703057799999
-0.3246000000000038 0.3300179190199999
0.32559999999999434 0.41994649915999993
0.9757999999999925 0.23999595509999994
1.6259999999999906 -0.05995274626000002
2.276200000000003 -3.594999999911863e-7
2.926400000000001 -0.11999851679999995
3.576599999999999 0.14997399118
4.226799999999997 0.030069217659999925
4.876999999999995 -0.11999851679999995
5.5271999999999935 0.09002160441999996
6.177399999999992 0.030069217659999925
6.82759999999999 0.09002160441999996
7.477800000000002 -0.05995274626000002
8.128 -0.1500680939600001
8.778199999999998 -3.594999999911863e-7
9.428399999999996 0.030069217659999925
10.078599999999994 0.14997399118
10.728799999999993 -0.26997286747999993
11.37899999999999 -3.594999999911863e-7
12.029200000000003 -0.05995274626000002
12.679400000000001 -0.26997286747999993
13.3296 -0.23999667409999992
13.979799999999997 -0.11999851679999995
14.629999999999995 -0.09002232341999994
15.280199999999994 -0.029976552880000007
15.930399999999992 0.26997214847999995
16.58059999999999 0.23999595509999994
17.230800000000002 -0.05995274626000002
17.881 -3.594999999911863e-7
18.5312 -0.05995274626000002
19.181399999999996 0.06004541103999994
19.831599999999995 0.14997399118
20.481799999999993 -0.05995274626000002
21.13199999999999 -0.09002232341999994
21.782200000000003 -0.029976552880000007
22.4324 -0.05995274626000002
23.0826 -0.029976552880000007
23.732799999999997 0.11999779779999997
24.382999999999996 0.030069217659999925
25.033199999999994 -0.11999851679999995
25.683399999999992 -0.029976552880000007
26.33359999999999 -3.594999999911863e-7
26.983800000000002 0.14997399118
27.634 0.09002160441999996
28.2842 0.030069217659999925
28.934399999999997 0.030069217659999925
29.584599999999995 -0.2100204807199999
30.234799999999993 -0.029976552880000007
30.88499999999999 -0.11999851679999995
31.535200000000003 0.06004541103999994
32.1854 0.06004541103999994
32.8356 -0.05995274626000002
33.4858 0.06004541103999994
34.135999999999996 -0.05995274626000002
34.786199999999994 0.06004541103999994
35.43639999999999 -0.11999851679999995
36.08659999999999 -0.05995274626000002
36.7368 -0.029976552880000007
37.387 -3.594999999911863e-7
38.0372 -0.029976552880000007
38.6874 0.26997214847999995
39.337599999999995 0.1800435683399999
39.98779999999999 0.06004541103999994
40.63799999999999 0.030069217659999925
41.2882 0.030069217659999925
41.9384 -3.594999999911863e-7
42.5886 -3.594999999911863e-7
43.2388 -0.029976552880000007
43.888999999999996 -0.11999851679999995
44.53920000000001 -0.029976552880000007
45.18939999999998 -0.029976552880000007
45.83959999999999 0.21001976171999992
46.489799999999974 0.09002160441999996
47.139999999999986 0.14997399118
47.79019999999997 0.23999595509999994
48.44039999999998 -3.594999999911863e-7
49.090599999999995 -0.05995274626000002
49.74079999999998 0.1800435683399999
50.39099999999999 0.09002160441999996
51.041199999999975 0.14997399118
51.69139999999999 0.030069217659999925
52.34159999999997 -0.2100204807199999
52.991799999999984 -3.594999999911863e-7
53.641999999999996 0.06004541103999994
54.29219999999998 0.030069217659999925
54.94239999999999 -3.594999999911863e-7
55.592599999999976 0.09002160441999996
56.24279999999999 -0.05995274626000002
56.89299999999997 0.1800435683399999
57.543199999999985 -0.029976552880000007
58.19339999999997 -3.594999999911863e-7
58.84359999999998 0.030069217659999925
59.49379999999999 -3.594999999911863e-7
60.14399999999998 0.030069217659999925
60.79419999999999 -0.029976552880000007
61.44439999999997 -0.029976552880000007
62.094599999999986 -3.594999999911863e-7
62.74479999999997 -0.029976552880000007
63.39499999999998 -0.029976552880000007
64.0452 0.09002160441999996
64.69539999999998 0.030069217659999925
65.34559999999999 -0.029976552880000007
65.99579999999997 0.06004541103999994
66.64599999999999 0.21001976171999992
67.29619999999997 -0.05995274626000002
67.94639999999998 0.030069217659999925
68.5966 -0.05995274626000002
69.24679999999998 -0.11999851679999995
69.89699999999999 0.09002160441999996
70.54719999999998 -0.029976552880000007
71.19739999999999 -0.09002232341999994
71.84759999999997 -0.05995274626000002
72.49779999999998 0.06004541103999994
73.148 -3.594999999911863e-7
73.79819999999998 -0.1500680939600001
74.44839999999999 0.06004541103999994
75.09859999999998 0.1800435683399999
75.74879999999999 -0.05995274626000002
76.39899999999997 -0.1800442873400001
77.04919999999998 -0.11999851679999995
77.69939999999997 -0.09002232341999994
78.34959999999998 0.14997399118
78.9998 -3.594999999911863e-7
79.64999999999998 -0.029976552880000007
80.30019999999999 0.030069217659999925
80.95039999999997 0.030069217659999925
81.60059999999999 0.06004541103999994
82.25079999999997 -0.029976552880000007
82.90099999999998 -3.594999999911863e-7
