-82.9 -0.15898593739999978
-82.24981000000001 0.0476257201000001
-81.59962 0.048326098600000034
-80.94943 0.017509444600000368
-80.29924000000001 -0.12270633109999984
-79.64905 0.05392912660000038
-78.99886000000001 0.006163312900000051
-78.34867 0.03669981550000001
-77.69848 -0.03249758029999983
-77.04829000000001 0.07550078439999997
-76.3981 0.1743942286000002
-75.74791 -0.23602757239999983
-75.09772000000001 -0.026054098099999923
-74.44753 0.049026477099999966
-73.79734 -0.0764813500999999
-73.14715000000001 -0.2674045291999998
-72.49696 -0.10253543029999967
-71.84677 -0.1441379131999998
-71.19658000000001 -0.019610615900000017
-70.54639 0.04972685560000034
-69.89620000000001 0.16949157910000023
-69.24601000000001 0.09609191230000036
-68.59582 -0.11696322739999987
-67.94563000000001 0.049026477099999966
-67.29544 0.04566466030000038
-66.64525 -0.12536776939999994
-65.99506 -0.08894808739999993
-65.34487 0.2751086569000001
-64.69468 0.0997338805000001
-64.04449 0.11136016360000012
-63.3943 0.1270486420000001
-62.744110000000006 -0.004762591700000041
-62.093920000000004 0.114441829
-61.44373 0.05126768830000028
-60.79354000000001 -0.023392659799999826
-60.14335 0.040481859400000264
-59.49316 0.0914694142000001
-58.84297 0.12999023170000035
-58.19278 -0.14693942719999997
-57.542590000000004 0.007423994200000283
-56.8924 -0.04216280359999969
-56.24221 -0.21501621739999965
-55.592020000000005 0.025913986599999994
-54.94183 0.25227631780000026
-54.29164 0.08628661329999998
-53.641450000000006 -0.0016809262999997188
-52.99126 -0.04874636149999967
-52.34107 -0.12957004039999998
-51.69088000000001 -0.1064575499
-51.04069 -0.009665241200000008
-50.3905 0.1644488539000002
-49.74031000000001 0.0823644937000001
-49.090120000000006 0.02703459220000015
-48.439930000000004 -0.18896213719999988
-47.78974 -0.20002811750000005
-47.13955000000001 -0.21767765569999975
-46.489360000000005 0.08096373670000023
-45.83917 0.1206051598000002
-45.18898000000001 0.010365583900000086
-44.538790000000006 0.04916655280000004
-43.888600000000004 -0.07788210709999976
-43.23841 -0.19512546799999964
-42.58822000000001 0.3011627371000003
-41.938030000000005 0.20745209380000018
-41.28784 0.07283934610000031
-40.63765000000001 -0.05252840539999992
-39.987460000000006 0.21697724139999996
-39.337270000000004 -0.053649010999999636
-38.68708 0.0914694142000001
-38.03689000000001 0.10813842250000016
-37.386700000000005 -0.24050999480000002
-36.73651 0.004622480200000112
-36.08632000000001 0.14848022410000006
-35.436130000000006 -0.12158572549999969
-34.785940000000004 -0.13867496089999998
-34.13575 0.019890731500000314
-33.48556000000001 0.005322858700000044
-32.835370000000005 -0.2517160507999998
-32.18518 -0.06191347729999963
-31.53499 0.006163312900000051
-30.884800000000006 0.07634123859999997
-30.234610000000004 0.06191344150000022
-29.58442 0.019050277300000307
-28.934230000000007 -0.14427798889999988
-28.284040000000005 0.04384367620000029
-27.633850000000002 0.02045103430000017
-26.98366 0.1935845995000003
-26.333470000000005 -0.0708783221
-25.683280000000003 0.02815519780000031
-25.03309 -0.01288698229999996
-24.382900000000006 0.005743085800000269
-23.732710000000004 0.18279877060000027
-23.082520000000002 -0.08992861730000001
-22.43233 0.2073120181000001
-21.782140000000005 0.10757811970000031
-21.131950000000003 -0.19176365120000005
-20.48176 -0.08138399959999987
-19.831570000000006 -0.09188967709999973
-19.181379999999997 -0.2547977161999997
-18.531189999999995 -0.4136435599999997
-17.881 -0.11079989659999967
-17.23080999999999 0.09805297210000008
-16.580619999999996 -0.1958258465
-15.930430000000001 0.09048888430000002
-15.280239999999992 0.0823644937000001
-14.630049999999997 -0.12270633109999984
-13.979860000000002 -0.0764813500999999
-13.329669999999993 -0.1147220162
-12.679479999999998 -0.011206073899999947
-12.029289999999989 -0.041462425099999756
-11.379099999999994 -0.10827853399999965
-10.728909999999999 -0.11808383300000003
-10.07871999999999 0.026894516500000076
-9.428529999999995 -0.03137697469999967
-8.77834 0.10771819540000038
-8.12814999999999 0.13419250270000038
-7.477959999999996 -0.05813143339999982
-6.827770000000001 0.20955322929999998
-6.177579999999992 -0.1550638177999999
-5.527389999999997 0.22398102640000017
-4.877200000000002 0.27146668870000035
-4.227009999999993 0.1323715186000003
-3.576819999999998 -0.06653597539999989
-2.9266299999999887 -0.15450351500000004
-2.276439999999994 0.036139512700000154
-1.6262499999999989 -0.07872256129999977
-0.9760599999999897 0.13741424380000034
-0.3258699999999948 -0.08810763319999992
0.32432000000000016 0.8363919868
0.9745100000000093 2.4990905458
1.6247000000000043 2.7992727709
2.274889999999999 0.4630902463000002
2.9250800000000083 0.08894805160000008
3.5752700000000033 0.007143842800000133
4.225460000000012 -0.003501910399999808
4.875650000000007 -0.0794229397999997
5.525840000000002 -0.038941062499999735
6.1760300000000115 0.07746184420000013
6.826220000000006 0.1409161363
7.476410000000001 0.13097076159999999
8.12660000000001 -0.05196810259999962
8.776790000000005 0.035018907099999996
9.42698 -0.013867512200000043
10.07717000000001 0.038941026700000325
10.727360000000004 -0.021711751399999812
11.37755 0.1404959092000002
12.027740000000009 -0.08390536219999989
12.677930000000003 -0.06989779219999992
13.328120000000013 -0.03501894289999985
13.978310000000008 0.10603728700000037
14.628500000000003 0.16921142770000008
15.278690000000012 0.09371062539999997
15.928880000000007 0.1870010416000003
16.57907 -0.08488589209999997
17.22926000000001 -0.12816928339999967
17.879450000000006 0.11276092059999998
18.52964 0.24779389540000007
19.17983000000001 0.023672775400000123
19.830020000000005 0.18546020890000037
20.480210000000014 -0.10659762559999963
21.13040000000001 -0.3884299339999999
21.780590000000004 0.12802917190000018
22.430780000000013 0.0676565452000002
23.080970000000008 0.15758514460000006
23.731160000000003 0.004062177400000255
24.381350000000012 0.04720549300000032
25.031540000000007 -0.20086857170000005
25.68173 -0.47583717079999976
26.33192000000001 -0.11990481709999967
26.982110000000006 0.03627958840000023
27.6323 -0.059812341799999835
28.28249000000001 -0.08110384819999972
28.932680000000005 -0.25942021429999995
29.582870000000014 -0.17747592979999993
30.23306000000001 0.13335204850000038
30.883250000000004 0.04104216220000012
31.533440000000013 -0.047065453099999655
32.18363000000001 -0.05336885959999993
32.83382 0.11136016360000012
33.48401000000001 0.1067376655000003
34.13420000000001 0.011486189500000243
34.78439 -0.1532428336999998
35.43458000000001 -0.07550082019999982
36.084770000000006 -0.027454855099999786
36.73496 -0.31615087279999976
37.38515000000001 -0.12578799649999972
38.035340000000005 -0.054209313799999936
38.685530000000014 -0.18433963909999962
39.33572000000001 -0.1267685263999998
39.985910000000004 -0.21725742859999997
40.63610000000001 0.006303388600000126
41.28629000000001 -0.02731477939999971
41.93648 -0.08614657339999976
42.58667000000001 -0.16472904109999975
43.23686000000001 -0.007424029999999693
43.88705 0.04986693129999997
44.53724000000001 0.3028436455000003
45.187430000000006 0.005603010100000194
45.83761999999999 -0.1029556573999999
46.487809999999996 -0.008404559899999775
47.138000000000005 -0.1567447261999999
47.788189999999986 -0.08782748179999977
48.438379999999995 -0.1780362325999998
49.088570000000004 0.1727133202000002
49.738759999999985 -0.049586815699999676
50.388949999999994 0.001400739100000159
51.03914 0.048326098600000034
51.689329999999984 0.025913986599999994
52.33951999999999 0.14455810450000017
52.98971 0.33520113220000036
53.63989999999998 0.16290802120000025
54.29008999999999 0.08138396380000001
54.94028 -0.025213643899999916
55.59046999999998 -0.1376944309999999
56.24065999999999 0.044263903300000074
56.89085 -0.0016809262999997188
57.54103999999998 -0.028995687799999725
58.19122999999999 -0.22300053229999994
58.84142 0.1353131083000001
59.49161000000001 0.2021292172
60.14179999999999 -0.24961491530000002
60.79199 0.03137693890000026
61.44218000000001 -0.14077609639999977
62.09236999999999 -0.2070319024999998
62.74256 0.14413787739999995
63.39275000000001 -0.047625755899999955
64.04293999999999 0.010365583900000086
64.69313 -0.28687505150000003
65.34332 -0.1958258465
65.99350999999999 0.1961059621000003
66.6437 0.19022278270000026
67.29389 0.16669006510000006
67.94407999999999 0.17677551550000015
68.59427 0.12900970180000026
69.24446 0.15422332780000003
69.89464999999998 0.11220061780000012
70.54484 -0.011486225299999653
71.19503 0.16234771839999995
71.84521999999998 0.05308867240000037
72.49540999999999 0.11906432710000026
73.1456 0.006163312900000051
73.79578999999998 -0.0071438785999999865
74.44597999999999 0.0628939714000003
75.09617 0.06793669660000035
75.74636000000001 -0.2070319024999998
76.39654999999999 -0.10813845830000002
77.04674 -0.041042197999999974
77.69693000000001 -0.07592104730000004
78.34711999999999 0.13503295689999995
78.99731 -0.030256369099999958
79.64750000000001 0.019610580100000163
80.29768999999999 -0.07760195569999961
80.94788 -0.0014007749000000125
81.59807 0.09553160950000006
82.24825999999999 -0.07690157719999968
82.89845 0.03375822580000021
