-82.9 -0.1403558693
-82.24981000000001 0.07816222270000006
-81.59962 0.06541533400000032
-80.94943 0.1343325784
-80.29924000000001 -0.036699851299999864
-79.64905 -0.13699405249999996
-78.99886000000001 -0.025914022399999848
-78.34867 -0.062053552999999706
-77.69848 -0.03852083539999995
-77.04829000000001 -0.06961764079999977
-76.3981 -0.1085586853999998
-75.74791 0.09118926279999995
-75.09772000000001 0.0823644937000001
-74.44753 -0.08740725469999999
-73.79734 0.12957000460000012
-73.14715000000001 0.22496155630000025
-72.49696 -0.05252840539999992
-71.84677 -0.10407626299999961
-71.19658000000001 -0.09987399200000002
-70.54639 -0.007424029999999693
-69.89620000000001 -0.07227907909999987
-69.24601000000001 0.16767059500000014
-68.59582 -0.027875082200000012
-67.94563000000001 -0.11654300029999964
-67.29544 -0.2161368229999998
-66.64525 -0.15646457479999976
-65.99506 -0.18125797369999974
-65.34487 0.08474578060000004
-64.69468 0.13209136720000014
-64.04449 0.009104902600000297
-63.3943 0.020591110000000246
-62.744110000000006 -0.13475284129999965
-62.093920000000004 0.024653305300000206
-61.44373 0.16318817259999996
-60.79354000000001 0.07550078439999997
-60.14335 -0.12144564980000006
-59.49316 0.0832049479000001
-58.84297 -0.07480044169999989
-58.19278 -0.011065998199999871
-57.542590000000004 -0.07269930619999965
-56.8924 -0.011906452399999878
-56.24221 0.07452025450000033
-55.592020000000005 0.035018907099999996
-54.94183 0.06653593960000004
-54.29164 0.11696319160000002
-53.641450000000006 0.014707930600000196
-52.99126 0.03571928560000037
-52.34107 -0.04790590729999966
-51.69088000000001 0.017509444600000368
-51.04069 -0.07059817069999985
-50.3905 -0.027454855099999786
-49.74031000000001 0.03697996690000016
-49.090120000000006 -0.0465051502999998
-48.439930000000004 -0.12004489279999975
-47.78974 0.024373153900000055
-47.13955000000001 -0.03249758029999983
-46.489360000000005 0.15156188950000038
-45.83917 0.07536070870000033
-45.18898000000001 -0.044824241899999784
-44.538790000000006 0.027174667900000227
-43.888600000000004 -0.012186603800000029
-43.23841 -0.009805316899999639
-42.58822000000001 -0.043003257799999695
-41.938030000000005 -0.11892428720000003
-41.28784 -0.22678257619999975
-40.63765000000001 0.08460570489999997
-39.987460000000006 0.06247374430000008
-39.337270000000004 0.1909231612000002
-38.68708 0.026194138000000144
-38.03689000000001 0.20675171530000025
-37.386700000000005 -0.06037264459999969
-36.73651 -0.132091403
-36.08632000000001 -0.05785128199999967
-35.436130000000006 0.07816222270000006
-34.785940000000004 -0.09090914719999965
-34.13575 -0.03375826159999962
-33.48556000000001 0.06247374430000008
-32.835370000000005 0.1067376655000003
-32.18518 -0.051407799799999765
-31.53499 0.059532154600000275
-30.884800000000006 0.06947752930000028
-30.234610000000004 -0.11780368159999988
-29.58442 -0.010785846799999721
-28.934230000000007 0.005322858700000044
-28.284040000000005 0.05210814250000029
-27.633850000000002 0.22958405440000007
-26.98366 0.045524584600000306
-26.333470000000005 -0.01232667949999966
-25.683280000000003 0.12746886910000033
-25.03309 0.09202971699999996
-24.382900000000006 -0.0030816833000000265
-23.732710000000004 0.17803619680000038
-23.082520000000002 0.2238409507000001
-22.43233 0.17285339590000026
-21.782140000000005 0.25101563650000003
-21.131950000000003 -0.05631044929999973
-20.48176 0.05168791540000006
-19.831570000000006 0.12284637100000007
-19.181379999999997 -0.10141482469999996
-18.531189999999995 -0.10701785269999986
-17.881 -0.12144564980000006
-17.23080999999999 0.018069747400000225
-16.580619999999996 0.22664246470000027
-15.930430000000001 0.22720276750000012
-15.280239999999992 0.06919737790000013
-14.630049999999997 0.03726011830000031
-13.979860000000002 -0.012186603800000029
-13.329669999999993 0.14553863440000026
-12.679479999999998 0.05056730980000035
-12.029289999999989 0.02017088290000002
-11.379099999999994 0.12957000460000012
-10.728909999999999 0.0558901864000001
-10.07871999999999 -0.016809101899999845
-9.428529999999995 0.015548384800000203
-8.77834 0.0035018745999999545
-8.12814999999999 -0.05476961659999979
-7.477959999999996 0.025633835200000288
-6.827770000000001 0.013447249299999964
-6.177579999999992 0.12957000460000012
-5.527389999999997 0.06331419850000009
-4.877200000000002 0.22566193480000019
-4.227009999999993 0.13391235130000023
-3.576819999999998 0.10561705990000014
-2.9266299999999887 0.051407764000000356
-2.276439999999994 -0.09315035839999997
-1.6262499999999989 -0.04496431759999986
-0.9760599999999897 0.15870575020000022
-0.3258699999999948 0.7092032512000002
0.32432000000000016 0.5546997541
0.9745100000000093 0.3251156818000003
1.6247000000000043 0.1414764391000003
2.274889999999999 0.14119628770000014
2.9250800000000083 0.1409161363
3.5752700000000033 0.23588746090000035
4.225460000000012 0.15688476610000013
4.875650000000007 0.0714385891
5.525840000000002 -0.10897891250000002
6.1760300000000115 -0.0526684811
6.826220000000006 -0.030256369099999958
7.476410000000001 0.011206038100000093
8.12660000000001 0.10015410760000032
8.776790000000005 -0.03683992699999994
9.42698 0.025213608100000062
10.07717000000001 -0.1424570047999998
10.727360000000004 -0.07171877630000001
11.37755 -0.02255220559999982
12.027740000000009 0.032077317400000194
12.677930000000003 0.14651916430000034
13.328120000000013 0.13713409240000018
13.978310000000008 0.1040762272000002
14.628500000000003 0.02815519780000031
15.278690000000012 0.015268233400000053
15.928880000000007 0.010925886699999943
16.57907 -0.056030297900000026
17.22926000000001 -0.04720552879999973
17.879450000000006 -0.03866091110000003
18.52964 -0.043703636299999626
19.17983000000001 -0.1615072999999998
19.830020000000005 0.03964140520000026
20.480210000000014 0.14539855870000018
21.13040000000001 0.08628661329999998
21.780590000000004 0.01792967170000015
22.430780000000013 0.07381987599999995
23.080970000000008 0.08110381240000031
23.731160000000003 -0.03375826159999962
24.381350000000012 0.024373153900000055
25.031540000000007 -0.04636507459999972
25.68173 -0.017649556099999852
26.33192000000001 -0.08936831449999971
26.982110000000006 -0.02031099439999995
27.6323 0.01792967170000015
28.28249000000001 -0.015268269199999907
28.932680000000005 -0.10743807979999964
29.582870000000014 -0.027034628000000005
30.23306000000001 -0.0673764295999999
30.883250000000004 0.09679229080000029
31.533440000000013 0.2173974685000002
32.18363000000001 0.015828536200000354
32.83382 0.11472198040000015
33.48401000000001 0.18251861920000012
34.13420000000001 0.09357054970000034
34.78439 0.07900267690000007
35.43458000000001 -0.07171877630000001
36.084770000000006 0.06359434990000024
36.73496 -0.15450351500000004
37.38515000000001 -0.18952243999999974
38.035340000000005 -0.10043429479999988
38.685530000000014 -0.05028719420000005
39.33572000000001 -0.025633870999999697
39.985910000000004 -0.09188967709999973
40.63610000000001 0.03515898280000007
41.28629000000001 -0.04832613439999989
41.93648 0.03726011830000031
42.58667000000001 -0.04776583160000003
43.23686000000001 -0.19246402969999998
43.88705 -0.028015157899999643
44.53724000000001 -0.1259280721999998
45.187430000000006 -0.06681612680000004
45.83761999999999 -0.1376944309999999
46.487809999999996 0.11570251030000023
47.138000000000005 -0.02283235699999997
47.788189999999986 -0.04286318209999962
48.438379999999995 -0.03992159239999982
49.088570000000004 -0.034878867199999775
49.738759999999985 -0.08894808739999993
50.388949999999994 -0.06415468849999995
51.03914 0.04384367620000029
51.689329999999984 -0.06653597539999989
52.33951999999999 -0.11598269749999979
52.98971 -0.1367139010999998
53.63989999999998 -0.20591129689999965
54.29008999999999 -0.09763278079999971
54.94028 0.1278890962000001
55.59046999999998 -0.0029416075999999514
56.24065999999999 -0.12746890489999974
56.89085 -0.01891023739999964
57.54103999999998 0.1926040696000002
58.19122999999999 0.09455107959999998
58.84142 -0.0021011533999999443
59.49161000000001 -0.06569552119999988
60.14179999999999 -0.09230990419999996
60.79199 -0.17271335600000004
61.44218000000001 -0.11542239469999993
62.09236999999999 -0.03193727749999997
62.74256 0.03824064819999995
63.39275000000001 0.024373153900000055
64.04293999999999 -0.02325258409999975
64.69313 -0.17271335600000004
65.34332 -0.06541536979999973
65.99350999999999 -0.0791427884
66.6437 0.08726714320000006
67.29389 -0.016809101899999845
67.94407999999999 -0.06681612680000004
68.59427 0.13335204850000038
69.24446 0.14960082970000022
69.89464999999998 0.1756549099
70.54484 0.004342328799999962
71.19503 0.20409027700000015
71.84521999999998 0.24583283560000035
72.49540999999999 0.10953917950000003
73.1456 0.021571639900000328
73.79578999999998 -0.10127474899999989
74.44597999999999 0.07171874050000016
75.09617 -0.22608219769999982
75.74636000000001 0.08138396380000001
76.39654999999999 0.04356352480000014
77.04674 0.032357468800000344
77.69693000000001 -0.006723651499999761
78.34711999999999 -0.050147118499999976
78.99731 0.009244978300000373
79.64750000000001 -0.10519686859999977
80.29768999999999 0.07956297970000037
80.94788 0.24429200289999997
81.59807 0.11136016360000012
82.24825999999999 0.04384367620000029
82.89845 0.09343047400000026
