-82.9 0.06681609100000019
-82.24981000000001 0.3777841450000001
-81.59962 0.14904052690000036
-80.94943 0.16010650720000008
-80.29924000000001 0.13755431949999997
-79.64905 -0.1376944309999999
-78.99886000000001 0.09287017119999996
-78.34867 0.056730640600000104
-77.69848 0.07606108720000027
-77.04829000000001 0.1778961211000003
-76.3981 -0.2005884202999999
-75.74791 0.24008973190000038
-75.09772000000001 -0.23070469579999964
-74.44753 -0.1229864825
-73.79734 -0.006583575799999686
-73.14715000000001 -0.03866091110000003
-72.49696 -0.008824787
-71.84677 0.041182237900000196
-71.19658000000001 0.011206038100000093
-70.54639 -0.1093991395999998
-69.89620000000001 0.09006865720000024
-69.24601000000001 0.029415879100000097
-68.59582 -0.01470796640000005
-67.94563000000001 -0.26404271239999977
-67.29544 -0.04902651289999982
-66.64525 -0.12648837499999965
-65.99506 0.16472900530000034
-65.34487 0.044544054700000224
-64.69468 -0.3515900248999997
-64.04449 -0.0014007749000000125
-63.3943 -0.11612277319999986
-62.744110000000006 -0.20072849599999998
-62.093920000000004 -0.2161368229999998
-61.44373 -0.0008404720999997117
-60.79354000000001 0.11892425140000018
-60.14335 0.010365583900000086
-59.49316 -0.008964862699999632
-58.84297 0.17187286600000018
-58.19278 0.11822387290000025
-57.542590000000004 0.0385207996000001
-56.8924 -0.23322605839999966
-56.24221 -0.27314763289999977
-55.592020000000005 -0.05687075210000003
-54.94183 -0.03655977559999979
-54.29164 0.2147360302000001
-53.641450000000006 0.09525145810000035
-52.99126 0.04384367620000029
-52.34107 0.16500915670000005
-51.69088000000001 0.07381987599999995
-51.04069 -0.017369404699999702
-50.3905 -0.0032217589999996576
-49.74031000000001 0.02815519780000031
-49.090120000000006 0.20338989850000022
-48.439930000000004 0.08040343390000038
-47.78974 -0.11318118349999962
-47.13955000000001 0.16430877820000012
-46.489360000000005 0.17971710519999995
-45.83917 -0.053649010999999636
-45.18898000000001 -0.23112492289999986
-44.538790000000006 0.08572631050000012
-43.888600000000004 -0.1093991395999998
-43.23841 -0.03866091110000003
-42.58822000000001 -0.08502596780000005
-41.938030000000005 0.09665221510000022
-41.28784 -0.01877016170000001
-40.63765000000001 -0.19834720910000003
-39.987460000000006 0.07830229840000014
-39.337270000000004 -0.13489291699999972
-38.68708 -0.17509464289999999
-38.03689000000001 -0.09791293219999986
-37.386700000000005 0.13909515220000035
-36.73651 0.048886401400000334
-36.08632000000001 -0.22033909399999985
-35.436130000000006 0.0885278245000003
-34.785940000000004 -0.06457491559999973
-34.13575 0.01008543250000038
-33.48556000000001 0.14497833159999995
-32.835370000000005 0.24050995900000016
-32.18518 0.06723631809999997
-31.53499 0.015268233400000053
-30.884800000000006 -0.04566469609999979
-30.234610000000004 -0.0855862705999999
-29.58442 -0.16290805699999966
-28.934230000000007 -0.0708783221
-28.284040000000005 0.0949713067000002
-27.633850000000002 -0.1238269367
-26.98366 -0.16823093359999985
-26.333470000000005 0.22075928530000022
-25.683280000000003 -0.09132937429999988
-25.03309 -0.023392659799999826
-24.382900000000006 -0.15982639159999978
-23.732710000000004 0.004622480200000112
-23.082520000000002 0.1123406935000002
-22.43233 0.056730640600000104
-21.782140000000005 0.044824206100000374
-21.131950000000003 0.15100158670000008
-20.48176 0.05056730980000035
-19.831570000000006 0.019610580100000163
-19.181379999999997 -0.13083072169999976
-18.531189999999995 -0.003641986099999883
-17.881 -0.0738199117999998
-17.23080999999999 0.08810759740000007
-16.580619999999996 0.0385207996000001
-15.930430000000001 0.25185609070000003
-15.280239999999992 0.03081663609999996
-14.630049999999997 0.3084466735000002
-13.979860000000002 0.20717194240000003
-13.329669999999993 -0.1211654983999999
-12.679479999999998 0.011065962400000018
-12.029289999999989 0.009665205400000154
-11.379099999999994 -0.22496159209999966
-10.728909999999999 -0.09230990419999996
-10.07871999999999 -0.0200308429999998
-9.428529999999995 0.13951537930000013
-8.77834 -0.14707950290000005
-8.12814999999999 -0.032637655999999904
-7.477959999999996 0.0176495203
-6.827770000000001 0.05504973220000009
-6.177579999999992 0.1353131083000001
-5.527389999999997 0.23588746090000035
-4.877200000000002 -0.041042197999999974
-4.227009999999993 -0.2105337949999999
-3.576819999999998 0.2794510036000002
-2.9266299999999887 0.12200591680000006
-2.276439999999994 0.6188544247000001
-1.6262499999999989 1.5448948774
-0.9760599999999897 1.1262086101000002
-0.3258699999999948 0.6444882778000001
0.32432000000000016 -0.10393618729999998
0.9745100000000093 -0.0029416075999999514
1.6247000000000043 -0.0465051502999998
2.274889999999999 -0.005322894499999897
2.9250800000000083 0.13111083730000006
3.5752700000000033 0.1947052051
4.225460000000012 0.03221739310000027
4.875650000000007 -0.32049321949999987
5.525840000000002 0.10813842250000016
6.1760300000000115 0.09623198799999999
6.826220000000006 0.008964826900000222
7.476410000000001 0.044964281800000006
8.12660000000001 -0.04048189519999967
8.776790000000005 0.23322602260000025
9.42698 0.061773365800000146
10.07717000000001 -0.008404559899999775
10.727360000000004 0.09118926279999995
11.37755 -0.0794229397999997
12.027740000000009 0.10099456180000033
12.677930000000003 0.09202971699999996
13.328120000000013 -0.01849001029999986
13.978310000000008 0.05855162470000019
14.628500000000003 -0.40215735259999974
15.278690000000012 0.04230284350000035
15.928880000000007 0.14133636340000022
16.57907 0.27734986809999995
17.22926000000001 0.025213608100000062
17.879450000000006 0.2008685359000002
18.52964 0.0914694142000001
19.17983000000001 -0.0382406839999998
19.830020000000005 -0.12690860209999988
20.480210000000014 0.03627958840000023
21.13040000000001 0.030536484700000255
21.780590000000004 0.11766357009999995
22.430780000000013 0.15926605300000007
23.080970000000008 -0.010225543999999864
23.731160000000003 -0.015128193499999831
24.381350000000012 0.1582855231
25.031540000000007 0.12985015600000027
25.68173 -0.05897188759999983
26.33192000000001 0.004902631600000262
26.982110000000006 -0.057010827799999664
27.6323 0.11304107200000013
28.28249000000001 -0.010225543999999864
28.932680000000005 -0.029696066299999657
29.582870000000014 0.08054350960000001
30.23306000000001 0.2129150461
30.883250000000004 -0.026054098099999923
31.533440000000013 0.21781769559999997
32.18363000000001 -0.14834018419999984
32.83382 -0.04160250079999983
33.48401000000001 -0.023672811199999977
34.13420000000001 0.4374563932000002
34.78439 0.04720549300000032
35.43458000000001 -0.015828571999999763
36.084770000000006 0.07452025450000033
36.73496 0.08166411520000016
37.38515000000001 0.10897887670000017
38.035340000000005 -0.07213900339999979
38.685530000000014 -0.010505695400000015
39.33572000000001 -0.29317845799999986
39.985910000000004 0.07620116290000034
40.63610000000001 0.07592101150000019
41.28629000000001 0.1252276579
41.93648 -0.059812341799999835
42.58667000000001 -0.0032217589999996576
43.23686000000001 0.016248763300000135
43.88705 -0.08390536219999989
44.53724000000001 0.06905730220000006
45.187430000000006 -0.22594212199999975
45.83761999999999 -0.31068792049999994
46.487809999999996 0.04076201079999997
47.138000000000005 -0.22692265189999983
47.788189999999986 -0.11346133489999977
48.438379999999995 -0.17439426440000005
49.088570000000004 0.2008685359000002
49.738759999999985 0.07732176850000005
50.388949999999994 -0.1141617133999997
51.03914 -0.009945392599999714
51.689329999999984 -0.2843536889
52.33951999999999 0.18980255560000003
52.98971 -0.05518984370000002
53.63989999999998 0.15590423620000005
54.29008999999999 0.022832321200000116
54.94028 -0.02479341679999969
55.59046999999998 0.0025213447000003164
56.24065999999999 0.1404959092000002
56.89085 0.13027038310000005
57.54103999999998 -0.07760195569999961
58.19122999999999 -0.07227907909999987
58.84142 0.1990475518000001
59.49161000000001 0.29724061749999997
60.14179999999999 0.08572631050000012
60.79199 0.2567587402
61.44218000000001 0.1834991491000002
62.09236999999999 -0.09665225089999963
62.74256 -0.18195835219999967
63.39275000000001 -0.04454409049999963
64.04293999999999 -0.2752487684
64.69313 -0.09637209949999992
65.34332 0.18293884630000035
65.99350999999999 -0.02815523359999972
66.6437 0.1491806026
67.29389 -0.04678530169999995
67.94407999999999 0.10169494030000026
68.59427 -0.0855862705999999
69.24446 -0.10841860969999972
69.89464999999998 0.013727400700000114
70.54484 0.09188964130000032
71.19503 -0.09427096399999968
71.84521999999998 0.002941571800000098
72.49540999999999 0.053368823800000076
73.1456 -0.14988101689999977
73.79578999999998 0.007423994200000283
74.44597999999999 -0.0021011533999999443
75.09617 0.11850402429999995
75.74636000000001 -0.24863438539999994
76.39654999999999 -0.18433963909999962
77.04674 0.20072846020000013
77.69693000000001 -0.14651920009999975
78.34711999999999 0.017229293200000217
78.99731 0.15212219230000024
79.64750000000001 -0.06275393149999964
80.29768999999999 0.008544599799999997
80.94788 0.24989503090000031
81.59807 0.2043704284000003
82.24825999999999 -0.19316440819999992
82.89845 -0.08180422669999965
