-82.9 0.0
-82.24981000000001 0.0
-81.59962 0.0
-80.94943 0.0
-80.29924000000001 0.0
-79.64905 0.0
-78.99886000000001 0.0
-78.34867 0.0
-77.69848 0.0
-77.04829000000001 0.0
-76.3981 0.0
-75.74791 0.0
-75.09772000000001 0.0
-74.44753 0.0
-73.79734 0.0
-73.14715000000001 0.0
-72.49696 0.0
-71.84677 0.0
-71.19658000000001 0.0
-70.54639 0.0
-69.89620000000001 0.0
-69.24601000000001 0.0
-68.59582 0.0
-67.94563000000001 0.0
-67.29544 0.0
-66.64525 0.0
-65.99506 0.0
-65.34487 0.0
-64.69468 0.0
-64.04449 0.0
-63.3943 0.0
-62.744110000000006 0.0
-62.093920000000004 0.0
-61.44373 0.0
-60.79354000000001 0.0
-60.14335 0.0
-59.49316 0.0
-58.84297 0.0
-58.19278 0.0
-57.542590000000004 0.0
-56.8924 0.0
-56.24221 0.0
-55.592020000000005 0.0
-54.94183 0.0
-54.29164 0.0
-53.641450000000006 0.0
-52.99126 0.0
-52.34107 0.0
-51.69088000000001 0.0
-51.04069 0.0
-50.3905 -0.13615359829999996
-49.74031000000001 0.2476538197
-49.090120000000006 -0.02535371959999999
-48.439930000000004 -0.004062213199999665
-47.78974 0.08362517500000033
-47.13955000000001 0.21585663580000025
-46.489360000000005 0.13825469800000034
-45.83917 -0.02535371959999999
-45.18898000000001 -0.03123689900000004
-44.538790000000006 0.016528914700000286
-43.888600000000004 -0.08782748179999977
-43.23841 -0.15394321219999973
-42.58822000000001 -0.06919741369999999
-41.938030000000005 -0.1414764748999997
-41.28784 -0.02871553640000002
-40.63765000000001 -0.17159275039999988
-39.987460000000006 -0.2300043172999997
-39.337270000000004 0.05182799110000014
-38.68708 -0.025773946699999772
-38.03689000000001 0.01975065580000024
-37.386700000000005 0.1891021771000001
-36.73651 -0.21417576319999965
-36.08632000000001 -0.08880801169999986
-35.436130000000006 -0.24457219009999998
-34.785940000000004 0.11009948230000033
-34.13575 0.1061773627
-33.48556000000001 0.32819734720000016
-32.835370000000005 -0.18840183440000002
-32.18518 -0.010645771099999646
-31.53499 -0.11248080499999968
-30.884800000000006 0.2563385131000002
-30.234610000000004 0.11752349440000032
-29.58442 0.045244433200000156
-28.934230000000007 -0.21165440059999963
-28.284040000000005 -0.07760195569999961
-27.633850000000002 0.004482404500000037
-26.98366 0.15772522030000014
-26.333470000000005 0.15478363060000033
-25.683280000000003 0.12774902050000003
-25.03309 0.10911895240000025
-24.382900000000006 0.0502871584000002
-23.732710000000004 -0.000980547799999787
-23.082520000000002 0.06191344150000022
-22.43233 -0.017789631799999928
-21.782140000000005 0.06317412280000001
-21.131950000000003 0.04790587150000025
-20.48176 0.032777695900000126
-19.831570000000006 0.017369368900000293
-19.181379999999997 0.002241193300000166
-18.531189999999995 0.11276092059999998
-17.881 0.1158425860000003
-17.23080999999999 -0.06499514269999995
-16.580619999999996 -0.06597567260000003
-15.930430000000001 0.0355792099000003
-15.280239999999992 -0.11388156199999999
-14.630049999999997 0.040902086500000046
-13.979860000000002 -0.03165712609999982
-13.329669999999993 0.10183501600000033
-12.679479999999998 -0.011626300999999728
-12.029289999999989 -0.11136019939999997
-11.379099999999994 -0.13545321980000002
-10.728909999999999 0.12270629529999999
-10.07871999999999 0.18980255560000003
-9.428529999999995 0.019330428700000013
-8.77834 -0.018630085999999935
-8.12814999999999 -0.17285343169999967
-7.477959999999996 -0.07578097159999997
-6.827770000000001 0.02479338100000028
-6.177579999999992 -0.06975771649999984
-5.527389999999997 -0.11626284889999994
-4.877200000000002 -0.18041751949999973
-4.227009999999993 -0.07844240989999962
-3.576819999999998 -0.02129152430000003
-2.9266299999999887 -0.010645771099999646
-2.276439999999994 -0.0708783221
-1.6262499999999989 -0.04720552879999973
-0.9760599999999897 0.027174667900000227
-0.3258699999999948 0.0537890509000003
0.32432000000000016 0.0028014961000000227
0.9745100000000093 0.02297239690000019
1.6247000000000043 0.06093291160000014
2.274889999999999 0.2585797243000001
2.9250800000000083 0.2777700952000002
3.5752700000000033 0.03964140520000026
4.225460000000012 0.06933745360000021
4.875650000000007 -0.01036561969999994
5.525840000000002 -0.12788913199999996
6.1760300000000115 -0.06905733799999991
6.826220000000006 -0.005883197299999754
7.476410000000001 0.14483825590000032
8.12660000000001 -0.010925922499999796
8.776790000000005 -0.10169497609999967
9.42698 -0.04048189519999967
10.07717000000001 -0.10309573309999998
10.727360000000004 -0.0673764295999999
11.37755 -0.10281558169999983
12.027740000000009 0.26978578030000033
12.677930000000003 0.3032638726000001
13.328120000000013 -0.06331423429999994
13.978310000000008 0.05126768830000028
14.628500000000003 0.06863707510000028
15.278690000000012 0.18714111730000038
15.928880000000007 0.04440397900000015
16.57907 -0.016528950499999695
17.22926000000001 -0.053508935300000005
17.879450000000006 -0.25283665639999997
18.52964 -0.28981664119999984
19.17983000000001 -0.19554569509999986
19.830020000000005 -0.01470796640000005
20.480210000000014 0.0997338805000001
21.13040000000001 -0.05771120630000004
21.780590000000004 -0.12438723949999986
22.430780000000013 -0.18546024469999978
23.080970000000008 -0.18602054749999963
23.731160000000003 0.03165709029999997
24.381350000000012 0.017789596000000074
25.031540000000007 0.11248076920000027
25.68173 0.17803619680000038
26.33192000000001 -0.007003802899999911
26.982110000000006 0.029415879100000097
27.6323 0.005743085800000269
28.28249000000001 0.03964140520000026
28.932680000000005 -0.16346835979999996
29.582870000000014 0.09427092820000027
30.23306000000001 0.1491806026
30.883250000000004 -0.06429476420000002
31.533440000000013 0.18321899770000005
32.18363000000001 -0.03754030549999987
32.83382 0.07227904330000001
33.48401000000001 -0.029836141999999732
34.13420000000001 -0.00420228889999974
34.78439 -0.043703636299999626
35.43458000000001 0.039081102399999956
36.084770000000006 -0.06569552119999988
36.73496 -0.07157870059999993
37.38515000000001 -0.17383396159999975
38.035340000000005 -0.08964846589999986
38.685530000000014 0.2924780437000001
39.33572000000001 0.0
39.985910000000004 0.0
40.63610000000001 0.0
41.28629000000001 0.0
41.93648 0.0
42.58667000000001 0.0
43.23686000000001 0.0
43.88705 0.0
44.53724000000001 0.0
45.187430000000006 0.0
45.83761999999999 0.0
46.487809999999996 0.0
47.138000000000005 0.0
47.788189999999986 0.0
48.438379999999995 0.0
49.088570000000004 0.0
49.738759999999985 0.0
50.388949999999994 0.0
51.03914 0.0
51.689329999999984 0.0
52.33951999999999 0.0
52.98971 0.0
53.63989999999998 0.0
54.29008999999999 0.0
54.94028 0.0
55.59046999999998 0.0
56.24065999999999 0.0
56.89085 0.0
57.54103999999998 0.0
58.19122999999999 0.0
58.84142 0.0
59.49161000000001 0.0
60.14179999999999 0.0
60.79199 0.0
61.44218000000001 0.0
62.09236999999999 0.0
62.74256 0.0
63.39275000000001 0.0
64.04293999999999 0.0
64.69313 0.0
65.34332 0.0
65.99350999999999 0.0
66.6437 0.0
67.29389 0.0
67.94407999999999 0.0
68.59427 0.0
69.24446 0.0
69.89464999999998 0.0
70.54484 0.0
71.19503 0.0
71.84521999999998 0.0
72.49540999999999 0.0
73.1456 0.0
73.79578999999998 0.0
74.44597999999999 0.0
75.09617 0.0
75.74636000000001 0.0
76.39654999999999 0.0
77.04674 0.0
77.69693000000001 0.0
78.34711999999999 0.0
78.99731 0.0
79.64750000000001 0.0
80.29768999999999 0.0
80.94788 0.0
81.59807 0.0
82.24825999999999 0.0
82.89845 0.0
