%%    119.210    20.000    0     0.125  -100.000   100.000
% HI4PI gauss data -------------
%   l, b, RA, DEC, beam interpolated N_HI, N_H2_dark, N_H2_tot  
% 119.210 ;  20.000 ; 346.516 ;  82.099 ;  0.125E+22 ;  0.354E+21 ;  0.116E+22
% nearest HEALPix pixel: l, b, RA, DEC, N_HI, N_H2_dark, N_H2_tot
% 119.224 ;  20.026 ; 346.521 ;  82.128 ;  0.123E+22 ;  0.338E+21 ;  0.116E+22
% GASS III survey --------------
% NH - median within 6 arcmin radius   0.00    
% NH - mean within specified beam      0.00    
% EBHIS survey -----------------
% NH  within specified beam           0.125E+22
%%EBHIS   160  datapoints: v_lsr [km/s] and T_B [K]
     -99.09     0.123
     -97.80     0.228
     -96.52     0.305
     -95.23     0.200
     -93.94     0.169
     -92.65     0.219
     -91.36     0.269
     -90.08     0.359
     -88.79     0.426
     -87.50     0.533
     -86.21     0.591
     -84.92     0.555
     -83.63     0.595
     -82.35     0.698
     -81.06     0.960
     -79.77     1.038
     -78.48     1.343
     -77.19     1.441
     -75.90     1.658
     -74.62     1.652
     -73.33     1.702
     -72.04     1.829
     -70.75     1.996
     -69.46     1.850
     -68.18     1.792
     -66.89     1.821
     -65.60     1.621
     -64.31     1.579
     -63.02     1.413
     -61.73     1.085
     -60.45     1.045
     -59.16     0.812
     -57.87     0.793
     -56.58     0.779
     -55.29     0.787
     -54.00     0.820
     -52.72     0.962
     -51.43     0.952
     -50.14     1.080
     -48.85     1.542
     -47.56     1.646
     -46.28     2.056
     -44.99     2.647
     -43.70     3.348
     -42.41     3.677
     -41.12     3.929
     -39.83     4.575
     -38.55     5.624
     -37.26     6.937
     -35.97     7.276
     -34.68     5.954
     -33.39     4.053
     -32.10     2.916
     -30.82     2.353
     -29.53     2.455
     -28.24     2.765
     -26.95     3.339
     -25.66     4.371
     -24.38     4.714
     -23.09     4.487
     -21.80     4.437
     -20.51     4.910
     -19.22     5.855
     -17.93     7.835
     -16.65    10.535
     -15.36    14.470
     -14.07    20.642
     -12.78    27.526
     -11.49    31.271
     -10.20    29.206
      -8.92    23.716
      -7.63    19.643
      -6.34    20.205
      -5.05    21.140
      -3.76    21.049
      -2.48    22.988
      -1.19    24.656
       0.10    23.986
       1.39    18.655
       2.68    13.932
       3.97    10.819
       5.25     7.640
       6.54     5.303
       7.83     4.208
       9.12     3.321
      10.41     2.657
      11.70     2.068
      12.98     1.633
      14.27     1.379
      15.56     1.071
      16.85     0.733
      18.14     0.706
      19.42     0.486
      20.71     0.471
      22.00     0.410
      23.29     0.256
      24.58     0.258
      25.87     0.165
      27.15     0.174
      28.44     0.103
      29.73     0.067
      31.02     0.047
      32.31     0.051
      33.60     0.202
      34.88     0.178
      36.17     0.195
      37.46     0.071
      38.75     0.008
      40.04     0.086
      41.32     0.147
      42.61     0.068
      43.90     0.004
      45.19     0.117
      46.48     0.142
      47.77     0.161
      49.05    -0.027
      50.34     0.081
      51.63     0.058
      52.92    -0.054
      54.21     0.047
      55.50     0.029
      56.78    -0.020
      58.07    -0.015
      59.36    -0.003
      60.65     0.053
      61.94     0.007
      63.22     0.008
      64.51    -0.076
      65.80    -0.098
      67.09    -0.052
      68.38    -0.008
      69.67     0.045
      70.95    -0.073
      72.24    -0.016
      73.53    -0.067
      74.82    -0.100
      76.11    -0.015
      77.40     0.025
      78.68     0.158
      79.97     0.092
      81.26     0.077
      82.55    -0.040
      83.84    -0.015
      85.12    -0.009
      86.41     0.021
      87.70    -0.018
      88.99    -0.002
      90.28    -0.004
      91.57     0.074
      92.85    -0.038
      94.14    -0.024
      95.43    -0.071
      96.72    -0.111
      98.01     0.057
      99.30     0.054
%%GASS      0  datapoints: v_lsr [km/s] and T_B [K]
%%gauss   201  datapoints: v_lsr [km/s] and T_B [K]
    -100.00     0.193
     -99.00     0.195
     -98.00     0.198
     -97.00     0.203
     -96.00     0.209
     -95.00     0.218
     -94.00     0.228
     -93.00     0.241
     -92.00     0.258
     -91.00     0.278
     -90.00     0.304
     -89.00     0.336
     -88.00     0.376
     -87.00     0.424
     -86.00     0.482
     -85.00     0.552
     -84.00     0.633
     -83.00     0.726
     -82.00     0.830
     -81.00     0.945
     -80.00     1.068
     -79.00     1.196
     -78.00     1.326
     -77.00     1.454
     -76.00     1.573
     -75.00     1.680
     -74.00     1.770
     -73.00     1.839
     -72.00     1.883
     -71.00     1.902
     -70.00     1.896
     -69.00     1.865
     -68.00     1.811
     -67.00     1.738
     -66.00     1.648
     -65.00     1.546
     -64.00     1.437
     -63.00     1.325
     -62.00     1.216
     -61.00     1.113
     -60.00     1.021
     -59.00     0.940
     -58.00     0.873
     -57.00     0.822
     -56.00     0.789
     -55.00     0.776
     -54.00     0.786
     -53.00     0.825
     -52.00     0.896
     -51.00     1.007
     -50.00     1.163
     -49.00     1.368
     -48.00     1.623
     -47.00     1.926
     -46.00     2.275
     -45.00     2.666
     -44.00     3.080
     -43.00     3.449
     -42.00     3.754
     -41.00     4.058
     -40.00     4.477
     -39.00     5.176
     -38.00     6.197
     -37.00     7.146
     -36.00     7.302
     -35.00     6.374
     -34.00     4.903
     -33.00     3.636
     -32.00     2.860
     -31.00     2.471
     -30.00     2.334
     -29.00     2.431
     -28.00     2.806
     -27.00     3.439
     -26.00     4.135
     -25.00     4.591
     -24.00     4.663
     -23.00     4.512
     -22.00     4.442
     -21.00     4.650
     -20.00     5.195
     -19.00     6.159
     -18.00     7.673
     -17.00     9.711
     -16.00    12.296
     -15.00    15.965
     -14.00    20.993
     -13.00    26.460
     -12.00    30.436
     -11.00    31.166
     -10.00    28.458
      -9.00    24.026
      -8.00    20.428
      -7.00    19.469
      -6.00    20.593
      -5.00    21.146
      -4.00    21.015
      -3.00    21.914
      -2.00    23.731
      -1.00    24.980
       0.00    24.055
       1.00    20.468
       2.00    16.207
       3.00    13.055
       4.00    10.703
       5.00     8.249
       6.00     6.134
       7.00     4.821
       8.00     4.005
       9.00     3.386
      10.00     2.864
      11.00     2.413
      12.00     2.022
      13.00     1.686
      14.00     1.401
      15.00     1.159
      16.00     0.958
      17.00     0.792
      18.00     0.655
      19.00     0.545
      20.00     0.455
      21.00     0.384
      22.00     0.327
      23.00     0.282
      24.00     0.246
      25.00     0.217
      26.00     0.195
      27.00     0.176
      28.00     0.161
      29.00     0.149
      30.00     0.138
      31.00     0.129
      32.00     0.121
      33.00     0.114
      34.00     0.108
      35.00     0.102
      36.00     0.097
      37.00     0.092
      38.00     0.087
      39.00     0.082
      40.00     0.078
      41.00     0.074
      42.00     0.070
      43.00     0.066
      44.00     0.063
      45.00     0.059
      46.00     0.056
      47.00     0.053
      48.00     0.050
      49.00     0.047
      50.00     0.045
      51.00     0.042
      52.00     0.040
      53.00     0.037
      54.00     0.035
      55.00     0.033
      56.00     0.031
      57.00     0.029
      58.00     0.027
      59.00     0.026
      60.00     0.024
      61.00     0.023
      62.00     0.021
      63.00     0.020
      64.00     0.019
      65.00     0.017
      66.00     0.016
      67.00     0.015
      68.00     0.014
      69.00     0.013
      70.00     0.012
      71.00     0.012
      72.00     0.011
      73.00     0.010
      74.00     0.009
      75.00     0.009
      76.00     0.008
      77.00     0.008
      78.00     0.007
      79.00     0.007
      80.00     0.006
      81.00     0.006
      82.00     0.005
      83.00     0.005
      84.00     0.005
      85.00     0.004
      86.00     0.004
      87.00     0.004
      88.00     0.003
      89.00     0.003
      90.00     0.003
      91.00     0.003
      92.00     0.003
      93.00     0.002
      94.00     0.002
      95.00     0.002
      96.00     0.002
      97.00     0.002
      98.00     0.002
      99.00     0.002
     100.00     0.001
%% HI4PI Gaussians - height, velocity, width (sigma) 
%     12.716    -6.286     9.102
%     16.455   -11.172     2.065
%     13.758    -0.631     2.251
%      0.715   -32.510    34.854
%      3.749   -39.409     5.525
%      4.680   -13.817     2.737
%      1.502   -71.772     7.638
%      5.743    -5.500     1.454
%      0.559  -128.659    12.637
%      3.121   -36.008     1.622
%      2.081   -25.213     2.092
%      2.009     4.042     1.061
%% Gaussians are derived from EBHIS                  
