%%    119.380    39.670    0     0.125  -100.000   100.000
% HI4PI gauss data -------------
%   l, b, RA, DEC, beam interpolated N_HI, N_H2_dark, N_H2_tot  
% 119.380 ;  39.670 ; 205.208 ;  77.116 ;  0.201E+21 ;  0.156E+20 ;  0.156E+20
% nearest HEALPix pixel: l, b, RA, DEC, N_HI, N_H2_dark, N_H2_tot
% 119.399 ;  39.644 ; 205.172 ;  77.144 ;  0.202E+21 ;  0.169E+20 ;  0.169E+20
% GASS III survey --------------
% NH - median within 6 arcmin radius   0.00    
% NH - mean within specified beam      0.00    
% EBHIS survey -----------------
% NH  within specified beam           0.201E+21
%%EBHIS   160  datapoints: v_lsr [km/s] and T_B [K]
     -99.09     0.012
     -97.80     0.041
     -96.52     0.109
     -95.23    -0.034
     -93.94     0.047
     -92.65    -0.070
     -91.36     0.103
     -90.08     0.075
     -88.79     0.054
     -87.50     0.232
     -86.21     0.244
     -84.92     0.404
     -83.63     0.361
     -82.35     0.391
     -81.06     0.540
     -79.77     0.557
     -78.48     0.436
     -77.19     0.516
     -75.90     0.602
     -74.62     0.701
     -73.33     0.569
     -72.04     0.621
     -70.75     0.644
     -69.46     0.656
     -68.18     0.645
     -66.89     0.697
     -65.60     0.689
     -64.31     0.537
     -63.02     0.580
     -61.73     0.683
     -60.45     0.611
     -59.16     0.500
     -57.87     0.448
     -56.58     0.517
     -55.29     0.607
     -54.00     0.654
     -52.72     0.391
     -51.43     0.468
     -50.14     0.559
     -48.85     0.575
     -47.56     0.701
     -46.28     0.650
     -44.99     0.781
     -43.70     0.636
     -42.41     0.792
     -41.12     0.776
     -39.83     0.729
     -38.55     0.923
     -37.26     0.848
     -35.97     0.712
     -34.68     0.605
     -33.39     0.660
     -32.10     0.598
     -30.82     0.607
     -29.53     0.664
     -28.24     0.622
     -26.95     0.553
     -25.66     0.531
     -24.38     0.731
     -23.09     0.688
     -21.80     0.575
     -20.51     0.654
     -19.22     0.613
     -17.93     0.723
     -16.65     0.821
     -15.36     0.753
     -14.07     0.847
     -12.78     0.989
     -11.49     1.089
     -10.20     1.128
      -8.92     1.269
      -7.63     1.571
      -6.34     1.918
      -5.05     2.248
      -3.76     2.990
      -2.48     3.920
      -1.19     4.724
       0.10     4.771
       1.39     3.890
       2.68     3.083
       3.97     2.548
       5.25     2.155
       6.54     1.743
       7.83     1.671
       9.12     1.544
      10.41     1.450
      11.70     1.120
      12.98     0.776
      14.27     0.628
      15.56     0.632
      16.85     0.415
      18.14     0.228
      19.42     0.282
      20.71     0.234
      22.00     0.353
      23.29     0.195
      24.58     0.213
      25.87     0.063
      27.15     0.026
      28.44    -0.053
      29.73    -0.028
      31.02    -0.045
      32.31     0.118
      33.60     0.063
      34.88    -0.065
      36.17    -0.026
      37.46    -0.018
      38.75     0.013
      40.04     0.018
      41.32     0.069
      42.61    -0.015
      43.90    -0.083
      45.19     0.009
      46.48     0.080
      47.77     0.090
      49.05     0.109
      50.34    -0.016
      51.63     0.076
      52.92    -0.088
      54.21    -0.041
      55.50     0.011
      56.78     0.099
      58.07     0.033
      59.36     0.041
      60.65    -0.009
      61.94    -0.178
      63.22    -0.122
      64.51    -0.060
      65.80     0.007
      67.09    -0.003
      68.38    -0.032
      69.67    -0.033
      70.95    -0.048
      72.24     0.047
      73.53     0.003
      74.82     0.002
      76.11     0.023
      77.40     0.002
      78.68     0.031
      79.97     0.040
      81.26    -0.051
      82.55     0.013
      83.84    -0.068
      85.12    -0.021
      86.41     0.071
      87.70     0.157
      88.99     0.132
      90.28     0.069
      91.57     0.017
      92.85    -0.039
      94.14    -0.067
      95.43    -0.115
      96.72    -0.005
      98.01    -0.011
      99.30     0.068
%%GASS      0  datapoints: v_lsr [km/s] and T_B [K]
%%gauss   201  datapoints: v_lsr [km/s] and T_B [K]
    -100.00     0.019
     -99.00     0.023
     -98.00     0.028
     -97.00     0.034
     -96.00     0.042
     -95.00     0.052
     -94.00     0.063
     -93.00     0.076
     -92.00     0.092
     -91.00     0.111
     -90.00     0.132
     -89.00     0.156
     -88.00     0.184
     -87.00     0.214
     -86.00     0.247
     -85.00     0.282
     -84.00     0.320
     -83.00     0.359
     -82.00     0.399
     -81.00     0.438
     -80.00     0.477
     -79.00     0.514
     -78.00     0.549
     -77.00     0.580
     -76.00     0.607
     -75.00     0.629
     -74.00     0.647
     -73.00     0.659
     -72.00     0.666
     -71.00     0.669
     -70.00     0.666
     -69.00     0.660
     -68.00     0.651
     -67.00     0.639
     -66.00     0.625
     -65.00     0.611
     -64.00     0.596
     -63.00     0.582
     -62.00     0.570
     -61.00     0.558
     -60.00     0.549
     -59.00     0.543
     -58.00     0.539
     -57.00     0.537
     -56.00     0.539
     -55.00     0.542
     -54.00     0.548
     -53.00     0.557
     -52.00     0.567
     -51.00     0.578
     -50.00     0.591
     -49.00     0.605
     -48.00     0.620
     -47.00     0.636
     -46.00     0.653
     -45.00     0.671
     -44.00     0.689
     -43.00     0.708
     -42.00     0.725
     -41.00     0.739
     -40.00     0.748
     -39.00     0.752
     -38.00     0.751
     -37.00     0.745
     -36.00     0.736
     -35.00     0.725
     -34.00     0.714
     -33.00     0.702
     -32.00     0.691
     -31.00     0.680
     -30.00     0.670
     -29.00     0.659
     -28.00     0.648
     -27.00     0.637
     -26.00     0.628
     -25.00     0.619
     -24.00     0.613
     -23.00     0.609
     -22.00     0.608
     -21.00     0.612
     -20.00     0.622
     -19.00     0.638
     -18.00     0.662
     -17.00     0.696
     -16.00     0.739
     -15.00     0.794
     -14.00     0.860
     -13.00     0.938
     -12.00     1.029
     -11.00     1.130
     -10.00     1.243
      -9.00     1.367
      -8.00     1.505
      -7.00     1.673
      -6.00     1.908
      -5.00     2.274
      -4.00     2.833
      -3.00     3.566
      -2.00     4.303
      -1.00     4.760
       0.00     4.729
       1.00     4.242
       2.00     3.547
       3.00     2.908
       4.00     2.451
       5.00     2.160
       6.00     1.967
       7.00     1.812
       8.00     1.663
       9.00     1.510
      10.00     1.353
      11.00     1.196
      12.00     1.043
      13.00     0.900
      14.00     0.767
      15.00     0.648
      16.00     0.542
      17.00     0.449
      18.00     0.369
      19.00     0.301
      20.00     0.244
      21.00     0.196
      22.00     0.157
      23.00     0.125
      24.00     0.099
      25.00     0.079
      26.00     0.063
      27.00     0.050
      28.00     0.040
      29.00     0.032
      30.00     0.026
      31.00     0.022
      32.00     0.018
      33.00     0.015
      34.00     0.013
      35.00     0.011
      36.00     0.010
      37.00     0.008
      38.00     0.007
      39.00     0.006
      40.00     0.006
      41.00     0.005
      42.00     0.004
      43.00     0.004
      44.00     0.004
      45.00     0.003
      46.00     0.003
      47.00     0.002
      48.00     0.002
      49.00     0.002
      50.00     0.002
      51.00     0.002
      52.00     0.001
      53.00     0.001
      54.00     0.001
      55.00     0.001
      56.00     0.001
      57.00     0.001
      58.00     0.001
      59.00     0.001
      60.00     0.001
      61.00     0.000
      62.00     0.000
      63.00     0.000
      64.00     0.000
      65.00     0.000
      66.00     0.000
      67.00     0.000
      68.00     0.000
      69.00     0.000
      70.00     0.000
      71.00     0.000
      72.00     0.000
      73.00     0.000
      74.00     0.000
      75.00     0.000
      76.00     0.000
      77.00     0.000
      78.00     0.000
      79.00     0.000
      80.00     0.000
      81.00     0.000
      82.00     0.000
      83.00     0.000
      84.00     0.000
      85.00     0.000
      86.00     0.000
      87.00     0.000
      88.00     0.000
      89.00     0.000
      90.00     0.000
      91.00     0.000
      92.00     0.000
      93.00     0.000
      94.00     0.000
      95.00     0.000
      96.00     0.000
      97.00     0.000
      98.00     0.000
      99.00     0.000
     100.00     0.000
%% HI4PI Gaussians - height, velocity, width (sigma) 
%      2.215     0.939     9.152
%      0.738   -36.578    16.122
%      2.691    -0.609     2.242
%      0.594   -71.788     9.976
%     -0.357   248.141    -0.717
%% component flagged & excluded if width negative ---
%% Gaussians are derived from EBHIS                  
