%%    126.500    32.500    0     0.125  -100.000   100.000
% HI4PI gauss data -------------
%   l, b, RA, DEC, beam interpolated N_HI, N_H2_dark, N_H2_tot  
% 126.500 ;  32.500 ; 163.775 ;  83.801 ;  0.417E+21 ;  0.153E+21 ;  0.328E+21
% nearest HEALPix pixel: l, b, RA, DEC, N_HI, N_H2_dark, N_H2_tot
% 126.475 ;  32.487 ; 163.885 ;  83.823 ;  0.415E+21 ;  0.143E+21 ;  0.320E+21
% GASS III survey --------------
% NH - median within 6 arcmin radius   0.00    
% NH - mean within specified beam      0.00    
% EBHIS survey -----------------
% NH  within specified beam           0.417E+21
%%EBHIS   160  datapoints: v_lsr [km/s] and T_B [K]
     -99.09     0.021
     -97.80     0.030
     -96.52     0.022
     -95.23     0.051
     -93.94     0.060
     -92.65     0.084
     -91.36     0.009
     -90.08     0.001
     -88.79     0.021
     -87.50     0.081
     -86.21     0.083
     -84.92     0.070
     -83.63     0.091
     -82.35     0.180
     -81.06     0.216
     -79.77     0.261
     -78.48     0.303
     -77.19     0.306
     -75.90     0.353
     -74.62     0.410
     -73.33     0.445
     -72.04     0.526
     -70.75     0.474
     -69.46     0.588
     -68.18     0.686
     -66.89     0.727
     -65.60     0.734
     -64.31     0.595
     -63.02     0.562
     -61.73     0.390
     -60.45     0.292
     -59.16     0.269
     -57.87     0.223
     -56.58     0.245
     -55.29     0.121
     -54.00     0.139
     -52.72     0.164
     -51.43     0.135
     -50.14     0.128
     -48.85     0.093
     -47.56     0.151
     -46.28     0.119
     -44.99     0.168
     -43.70     0.166
     -42.41     0.203
     -41.12     0.300
     -39.83     0.338
     -38.55     0.341
     -37.26     0.327
     -35.97     0.282
     -34.68     0.350
     -33.39     0.487
     -32.10     0.552
     -30.82     0.596
     -29.53     0.551
     -28.24     0.583
     -26.95     0.729
     -25.66     0.776
     -24.38     0.902
     -23.09     1.074
     -21.80     1.237
     -20.51     1.508
     -19.22     1.742
     -17.93     2.008
     -16.65     2.272
     -15.36     2.412
     -14.07     2.521
     -12.78     2.763
     -11.49     3.042
     -10.20     3.225
      -8.92     3.245
      -7.63     3.249
      -6.34     3.215
      -5.05     3.158
      -3.76     3.292
      -2.48     4.154
      -1.19     6.179
       0.10     9.708
       1.39    14.925
       2.68    21.027
       3.97    21.832
       5.25    16.723
       6.54     9.357
       7.83     4.770
       9.12     2.785
      10.41     1.855
      11.70     1.264
      12.98     1.065
      14.27     0.877
      15.56     0.680
      16.85     0.504
      18.14     0.346
      19.42     0.327
      20.71     0.265
      22.00     0.213
      23.29     0.169
      24.58     0.150
      25.87     0.066
      27.15     0.174
      28.44     0.111
      29.73     0.045
      31.02    -0.023
      32.31     0.031
      33.60     0.055
      34.88     0.048
      36.17     0.056
      37.46     0.017
      38.75     0.036
      40.04     0.022
      41.32     0.001
      42.61     0.047
      43.90     0.026
      45.19    -0.037
      46.48     0.056
      47.77    -0.000
      49.05     0.042
      50.34     0.007
      51.63     0.021
      52.92    -0.026
      54.21     0.037
      55.50    -0.027
      56.78    -0.046
      58.07    -0.082
      59.36    -0.030
      60.65    -0.008
      61.94     0.028
      63.22     0.063
      64.51     0.014
      65.80    -0.006
      67.09    -0.026
      68.38    -0.008
      69.67    -0.036
      70.95    -0.003
      72.24     0.048
      73.53    -0.039
      74.82     0.028
      76.11    -0.017
      77.40    -0.011
      78.68    -0.009
      79.97    -0.078
      81.26    -0.048
      82.55    -0.037
      83.84     0.019
      85.12     0.010
      86.41    -0.030
      87.70    -0.034
      88.99    -0.001
      90.28     0.018
      91.57     0.062
      92.85     0.058
      94.14     0.045
      95.43    -0.006
      96.72    -0.040
      98.01    -0.041
      99.30    -0.046
%%GASS      0  datapoints: v_lsr [km/s] and T_B [K]
%%gauss   201  datapoints: v_lsr [km/s] and T_B [K]
    -100.00     0.003
     -99.00     0.003
     -98.00     0.004
     -97.00     0.005
     -96.00     0.006
     -95.00     0.008
     -94.00     0.011
     -93.00     0.014
     -92.00     0.018
     -91.00     0.023
     -90.00     0.029
     -89.00     0.037
     -88.00     0.047
     -87.00     0.059
     -86.00     0.074
     -85.00     0.091
     -84.00     0.112
     -83.00     0.135
     -82.00     0.161
     -81.00     0.190
     -80.00     0.222
     -79.00     0.256
     -78.00     0.292
     -77.00     0.328
     -76.00     0.365
     -75.00     0.401
     -74.00     0.436
     -73.00     0.469
     -72.00     0.501
     -71.00     0.532
     -70.00     0.564
     -69.00     0.593
     -68.00     0.615
     -67.00     0.622
     -66.00     0.609
     -65.00     0.577
     -64.00     0.530
     -63.00     0.476
     -62.00     0.421
     -61.00     0.367
     -60.00     0.319
     -59.00     0.275
     -58.00     0.238
     -57.00     0.206
     -56.00     0.181
     -55.00     0.161
     -54.00     0.146
     -53.00     0.136
     -52.00     0.129
     -51.00     0.126
     -50.00     0.127
     -49.00     0.130
     -48.00     0.137
     -47.00     0.145
     -46.00     0.157
     -45.00     0.170
     -44.00     0.185
     -43.00     0.202
     -42.00     0.221
     -41.00     0.242
     -40.00     0.264
     -39.00     0.287
     -38.00     0.313
     -37.00     0.340
     -36.00     0.368
     -35.00     0.398
     -34.00     0.429
     -33.00     0.462
     -32.00     0.497
     -31.00     0.533
     -30.00     0.572
     -29.00     0.614
     -28.00     0.660
     -27.00     0.712
     -26.00     0.775
     -25.00     0.851
     -24.00     0.947
     -23.00     1.069
     -22.00     1.218
     -21.00     1.395
     -20.00     1.591
     -19.00     1.795
     -18.00     1.990
     -17.00     2.165
     -16.00     2.318
     -15.00     2.457
     -14.00     2.599
     -13.00     2.755
     -12.00     2.926
     -11.00     3.088
     -10.00     3.211
      -9.00     3.268
      -8.00     3.261
      -7.00     3.214
      -6.00     3.172
      -5.00     3.176
      -4.00     3.285
      -3.00     3.668
      -2.00     4.705
      -1.00     6.635
       0.00     9.329
       1.00    13.157
       2.00    18.051
       3.00    21.821
       4.00    21.887
       5.00    17.977
       6.00    12.312
       7.00     7.424
       8.00     4.367
       9.00     2.814
      10.00     2.057
      11.00     1.620
      12.00     1.306
      13.00     1.053
      14.00     0.849
      15.00     0.686
      16.00     0.558
      17.00     0.458
      18.00     0.382
      19.00     0.323
      20.00     0.276
      21.00     0.240
      22.00     0.210
      23.00     0.185
      24.00     0.163
      25.00     0.145
      26.00     0.128
      27.00     0.114
      28.00     0.101
      29.00     0.089
      30.00     0.079
      31.00     0.069
      32.00     0.061
      33.00     0.053
      34.00     0.047
      35.00     0.041
      36.00     0.035
      37.00     0.031
      38.00     0.026
      39.00     0.023
      40.00     0.020
      41.00     0.017
      42.00     0.014
      43.00     0.012
      44.00     0.011
      45.00     0.009
      46.00     0.008
      47.00     0.006
      48.00     0.005
      49.00     0.005
      50.00     0.004
      51.00     0.003
      52.00     0.003
      53.00     0.002
      54.00     0.002
      55.00     0.002
      56.00     0.001
      57.00     0.001
      58.00     0.001
      59.00     0.001
      60.00     0.001
      61.00     0.000
      62.00     0.000
      63.00     0.000
      64.00     0.000
      65.00     0.000
      66.00     0.000
      67.00     0.000
      68.00     0.000
      69.00     0.000
      70.00     0.000
      71.00     0.000
      72.00     0.000
      73.00     0.000
      74.00     0.000
      75.00     0.000
      76.00     0.000
      77.00     0.000
      78.00     0.000
      79.00     0.000
      80.00     0.000
      81.00     0.000
      82.00     0.000
      83.00     0.000
      84.00     0.000
      85.00     0.000
      86.00     0.000
      87.00     0.000
      88.00     0.000
      89.00     0.000
      90.00     0.000
      91.00     0.000
      92.00     0.000
      93.00     0.000
      94.00     0.000
      95.00     0.000
      96.00     0.000
      97.00     0.000
      98.00     0.000
      99.00     0.000
     100.00     0.000
%% HI4PI Gaussians - height, velocity, width (sigma) 
%     18.111     3.548     2.087
%      3.225     1.876     6.382
%      1.007   -11.353    17.555
%      1.173   -16.015     3.938
%      0.519   -69.531     8.653
%      1.356    -9.567     3.016
%      1.258    -0.671     1.234
%      0.283   -66.103    -2.156
%% component flagged & excluded if width negative ---
%% Gaussians are derived from EBHIS                  
