%%    125.220    32.500    0     0.125  -100.000   100.000
% HI4PI gauss data -------------
%   l, b, RA, DEC, beam interpolated N_HI, N_H2_dark, N_H2_tot  
% 125.220 ;  32.500 ; 173.137 ;  84.274 ;  0.671E+21 ;  0.448E+21 ;  0.661E+21
% nearest HEALPix pixel: l, b, RA, DEC, N_HI, N_H2_dark, N_H2_tot
% 125.244 ;  32.487 ; 172.900 ;  84.279 ;  0.680E+21 ;  0.464E+21 ;  0.679E+21
% GASS III survey --------------
% NH - median within 6 arcmin radius   0.00    
% NH - mean within specified beam      0.00    
% EBHIS survey -----------------
% NH  within specified beam           0.674E+21
%%EBHIS   160  datapoints: v_lsr [km/s] and T_B [K]
     -99.09    -0.055
     -97.80     0.017
     -96.52     0.010
     -95.23    -0.005
     -93.94    -0.014
     -92.65     0.046
     -91.36     0.005
     -90.08     0.052
     -88.79    -0.016
     -87.50     0.044
     -86.21     0.081
     -84.92     0.180
     -83.63     0.111
     -82.35     0.203
     -81.06     0.379
     -79.77     0.360
     -78.48     0.492
     -77.19     0.653
     -75.90     0.855
     -74.62     1.065
     -73.33     1.572
     -72.04     2.206
     -70.75     3.040
     -69.46     3.400
     -68.18     3.247
     -66.89     2.851
     -65.60     2.316
     -64.31     1.980
     -63.02     1.645
     -61.73     1.340
     -60.45     1.002
     -59.16     0.652
     -57.87     0.519
     -56.58     0.336
     -55.29     0.277
     -54.00     0.278
     -52.72     0.239
     -51.43     0.259
     -50.14     0.251
     -48.85     0.175
     -47.56     0.239
     -46.28     0.180
     -44.99     0.162
     -43.70     0.157
     -42.41     0.350
     -41.12     0.299
     -39.83     0.258
     -38.55     0.425
     -37.26     0.345
     -35.97     0.410
     -34.68     0.576
     -33.39     0.594
     -32.10     0.600
     -30.82     0.711
     -29.53     0.900
     -28.24     1.019
     -26.95     1.131
     -25.66     1.323
     -24.38     1.485
     -23.09     1.673
     -21.80     1.912
     -20.51     1.965
     -19.22     2.066
     -17.93     2.369
     -16.65     2.352
     -15.36     2.467
     -14.07     2.697
     -12.78     2.844
     -11.49     3.008
     -10.20     3.292
      -8.92     3.304
      -7.63     3.443
      -6.34     3.468
      -5.05     3.978
      -3.76     5.289
      -2.48    12.246
      -1.19    26.702
       0.10    37.868
       1.39    36.334
       2.68    28.417
       3.97    20.883
       5.25    13.987
       6.54     7.597
       7.83     3.709
       9.12     2.410
      10.41     1.595
      11.70     1.191
      12.98     0.898
      14.27     0.717
      15.56     0.619
      16.85     0.521
      18.14     0.358
      19.42     0.305
      20.71     0.148
      22.00     0.137
      23.29     0.115
      24.58     0.073
      25.87     0.078
      27.15     0.064
      28.44     0.009
      29.73    -0.007
      31.02    -0.007
      32.31    -0.032
      33.60     0.048
      34.88     0.047
      36.17     0.085
      37.46     0.119
      38.75     0.079
      40.04    -0.026
      41.32     0.010
      42.61     0.048
      43.90     0.103
      45.19    -0.034
      46.48    -0.045
      47.77     0.035
      49.05     0.018
      50.34     0.024
      51.63    -0.031
      52.92    -0.025
      54.21    -0.019
      55.50    -0.061
      56.78     0.035
      58.07    -0.048
      59.36    -0.030
      60.65     0.001
      61.94     0.053
      63.22     0.043
      64.51    -0.065
      65.80     0.022
      67.09     0.028
      68.38     0.001
      69.67    -0.045
      70.95    -0.037
      72.24     0.010
      73.53    -0.003
      74.82     0.111
      76.11    -0.028
      77.40    -0.021
      78.68    -0.040
      79.97    -0.035
      81.26     0.038
      82.55    -0.044
      83.84     0.035
      85.12     0.024
      86.41    -0.013
      87.70     0.064
      88.99     0.023
      90.28     0.083
      91.57     0.021
      92.85     0.017
      94.14     0.023
      95.43     0.013
      96.72     0.065
      98.01     0.033
      99.30    -0.009
%%GASS      0  datapoints: v_lsr [km/s] and T_B [K]
%%gauss   201  datapoints: v_lsr [km/s] and T_B [K]
    -100.00     0.008
     -99.00     0.009
     -98.00     0.010
     -97.00     0.012
     -96.00     0.013
     -95.00     0.015
     -94.00     0.018
     -93.00     0.020
     -92.00     0.023
     -91.00     0.027
     -90.00     0.031
     -89.00     0.036
     -88.00     0.042
     -87.00     0.050
     -86.00     0.060
     -85.00     0.074
     -84.00     0.093
     -83.00     0.118
     -82.00     0.153
     -81.00     0.199
     -80.00     0.262
     -79.00     0.345
     -78.00     0.452
     -77.00     0.590
     -76.00     0.765
     -75.00     0.989
     -74.00     1.287
     -73.00     1.699
     -72.00     2.248
     -71.00     2.857
     -70.00     3.314
     -69.00     3.426
     -68.00     3.207
     -67.00     2.841
     -66.00     2.484
     -65.00     2.176
     -64.00     1.898
     -63.00     1.631
     -62.00     1.368
     -61.00     1.114
     -60.00     0.883
     -59.00     0.688
     -58.00     0.534
     -57.00     0.420
     -56.00     0.339
     -55.00     0.285
     -54.00     0.249
     -53.00     0.226
     -52.00     0.212
     -51.00     0.204
     -50.00     0.201
     -49.00     0.200
     -48.00     0.202
     -47.00     0.206
     -46.00     0.211
     -45.00     0.219
     -44.00     0.229
     -43.00     0.241
     -42.00     0.256
     -41.00     0.274
     -40.00     0.295
     -39.00     0.321
     -38.00     0.352
     -37.00     0.388
     -36.00     0.430
     -35.00     0.479
     -34.00     0.536
     -33.00     0.601
     -32.00     0.675
     -31.00     0.757
     -30.00     0.847
     -29.00     0.946
     -28.00     1.053
     -27.00     1.166
     -26.00     1.284
     -25.00     1.407
     -24.00     1.532
     -23.00     1.658
     -22.00     1.783
     -21.00     1.907
     -20.00     2.029
     -19.00     2.147
     -18.00     2.263
     -17.00     2.376
     -16.00     2.488
     -15.00     2.600
     -14.00     2.713
     -13.00     2.827
     -12.00     2.943
     -11.00     3.062
     -10.00     3.182
      -9.00     3.301
      -8.00     3.417
      -7.00     3.526
      -6.00     3.640
      -5.00     3.873
      -4.00     4.847
      -3.00     8.428
      -2.00    16.952
      -1.00    28.912
       0.00    37.445
       1.00    37.941
       2.00    32.777
       3.00    26.395
       4.00    20.732
       5.00    15.328
       6.00    10.058
       7.00     5.906
       8.00     3.448
       9.00     2.270
      10.00     1.702
      11.00     1.376
      12.00     1.146
      13.00     0.959
      14.00     0.798
      15.00     0.659
      16.00     0.540
      17.00     0.440
      18.00     0.357
      19.00     0.289
      20.00     0.233
      21.00     0.189
      22.00     0.153
      23.00     0.125
      24.00     0.102
      25.00     0.085
      26.00     0.071
      27.00     0.059
      28.00     0.051
      29.00     0.044
      30.00     0.038
      31.00     0.033
      32.00     0.029
      33.00     0.026
      34.00     0.023
      35.00     0.021
      36.00     0.019
      37.00     0.017
      38.00     0.015
      39.00     0.014
      40.00     0.012
      41.00     0.011
      42.00     0.010
      43.00     0.009
      44.00     0.008
      45.00     0.008
      46.00     0.007
      47.00     0.006
      48.00     0.006
      49.00     0.005
      50.00     0.005
      51.00     0.004
      52.00     0.004
      53.00     0.004
      54.00     0.003
      55.00     0.003
      56.00     0.003
      57.00     0.002
      58.00     0.002
      59.00     0.002
      60.00     0.002
      61.00     0.002
      62.00     0.001
      63.00     0.001
      64.00     0.001
      65.00     0.001
      66.00     0.001
      67.00     0.001
      68.00     0.001
      69.00     0.001
      70.00     0.001
      71.00     0.000
      72.00     0.000
      73.00     0.000
      74.00     0.000
      75.00     0.000
      76.00     0.000
      77.00     0.000
      78.00     0.000
      79.00     0.000
      80.00     0.000
      81.00     0.000
      82.00     0.000
      83.00     0.000
      84.00     0.000
      85.00     0.000
      86.00     0.000
      87.00     0.000
      88.00     0.000
      89.00     0.000
      90.00     0.000
      91.00     0.000
      92.00     0.000
      93.00     0.000
      94.00     0.000
      95.00     0.000
      96.00     0.000
      97.00     0.000
      98.00     0.000
      99.00     0.000
     100.00     0.000
%% HI4PI Gaussians - height, velocity, width (sigma) 
%     17.128     3.303     2.049
%     23.650    -0.333     1.441
%      3.476    -0.618     8.123
%      1.633   -17.268     8.382
%     10.112     1.298     1.308
%      2.578   -67.763     5.079
%      0.331   -23.686    27.198
%      1.318   -69.517     1.788
%      0.217   -80.374    -3.169
%      0.223   333.161    -0.996
%% component flagged & excluded if width negative ---
%% Gaussians are derived from EBHIS                  
