%%    132.220    31.670    0     0.125  -100.000   100.000
% HI4PI gauss data -------------
%   l, b, RA, DEC, beam interpolated N_HI, N_H2_dark, N_H2_tot  
% 132.220 ;  31.670 ; 134.389 ;  80.726 ;  0.191E+21 ;   0.00     ; -0.109E+15
% nearest HEALPix pixel: l, b, RA, DEC, N_HI, N_H2_dark, N_H2_tot
% 132.231 ;  31.651 ; 134.254 ;  80.726 ;  0.190E+21 ;   0.00     ; -0.110E+15
% GASS III survey --------------
% NH - median within 6 arcmin radius   0.00    
% NH - mean within specified beam      0.00    
% EBHIS survey -----------------
% NH  within specified beam           0.193E+21
%%EBHIS   160  datapoints: v_lsr [km/s] and T_B [K]
     -99.09    -0.037
     -97.80     0.128
     -96.52     0.160
     -95.23     0.128
     -93.94     0.019
     -92.65     0.146
     -91.36     0.037
     -90.08    -0.077
     -88.79     0.107
     -87.50     0.093
     -86.21     0.060
     -84.92     0.022
     -83.63     0.161
     -82.35     0.204
     -81.06     0.148
     -79.77     0.055
     -78.48     0.013
     -77.19    -0.073
     -75.90     0.092
     -74.62     0.089
     -73.33     0.087
     -72.04     0.250
     -70.75     0.090
     -69.46     0.102
     -68.18     0.320
     -66.89     0.334
     -65.60     0.333
     -64.31     0.244
     -63.02     0.278
     -61.73     0.457
     -60.45     0.303
     -59.16     0.370
     -57.87     0.246
     -56.58     0.399
     -55.29     0.306
     -54.00     0.318
     -52.72     0.278
     -51.43     0.254
     -50.14     0.328
     -48.85     0.196
     -47.56     0.333
     -46.28     0.231
     -44.99     0.415
     -43.70     0.451
     -42.41     0.391
     -41.12     0.402
     -39.83     0.502
     -38.55     0.500
     -37.26     0.406
     -35.97     0.397
     -34.68     0.466
     -33.39     0.547
     -32.10     0.520
     -30.82     0.481
     -29.53     0.620
     -28.24     0.748
     -26.95     0.877
     -25.66     1.089
     -24.38     1.223
     -23.09     1.567
     -21.80     1.648
     -20.51     1.892
     -19.22     2.087
     -17.93     2.178
     -16.65     2.253
     -15.36     2.337
     -14.07     2.446
     -12.78     2.359
     -11.49     2.453
     -10.20     2.347
      -8.92     2.415
      -7.63     2.306
      -6.34     2.340
      -5.05     2.560
      -3.76     2.374
      -2.48     2.309
      -1.19     2.201
       0.10     2.189
       1.39     2.209
       2.68     2.111
       3.97     2.025
       5.25     1.715
       6.54     1.624
       7.83     1.455
       9.12     1.389
      10.41     1.253
      11.70     1.141
      12.98     1.118
      14.27     0.833
      15.56     0.737
      16.85     0.726
      18.14     0.534
      19.42     0.552
      20.71     0.541
      22.00     0.365
      23.29     0.182
      24.58     0.279
      25.87     0.326
      27.15     0.122
      28.44     0.083
      29.73     0.076
      31.02     0.108
      32.31     0.046
      33.60    -0.072
      34.88    -0.162
      36.17    -0.125
      37.46    -0.155
      38.75    -0.031
      40.04    -0.020
      41.32    -0.070
      42.61     0.086
      43.90    -0.101
      45.19    -0.073
      46.48    -0.024
      47.77     0.065
      49.05     0.003
      50.34     0.017
      51.63    -0.049
      52.92    -0.091
      54.21     0.019
      55.50     0.094
      56.78     0.013
      58.07     0.073
      59.36     0.043
      60.65     0.003
      61.94     0.029
      63.22     0.022
      64.51     0.034
      65.80     0.004
      67.09     0.027
      68.38     0.107
      69.67    -0.064
      70.95    -0.109
      72.24     0.147
      73.53    -0.035
      74.82    -0.010
      76.11     0.106
      77.40     0.125
      78.68     0.144
      79.97     0.031
      81.26     0.156
      82.55     0.113
      83.84     0.012
      85.12     0.045
      86.41     0.049
      87.70     0.122
      88.99    -0.005
      90.28     0.048
      91.57     0.011
      92.85     0.187
      94.14     0.036
      95.43    -0.092
      96.72     0.051
      98.01     0.085
      99.30    -0.069
%%GASS      0  datapoints: v_lsr [km/s] and T_B [K]
%%gauss   201  datapoints: v_lsr [km/s] and T_B [K]
    -100.00     0.017
     -99.00     0.019
     -98.00     0.021
     -97.00     0.023
     -96.00     0.026
     -95.00     0.029
     -94.00     0.032
     -93.00     0.035
     -92.00     0.039
     -91.00     0.043
     -90.00     0.047
     -89.00     0.051
     -88.00     0.056
     -87.00     0.061
     -86.00     0.067
     -85.00     0.073
     -84.00     0.079
     -83.00     0.086
     -82.00     0.093
     -81.00     0.100
     -80.00     0.108
     -79.00     0.116
     -78.00     0.124
     -77.00     0.133
     -76.00     0.142
     -75.00     0.152
     -74.00     0.161
     -73.00     0.171
     -72.00     0.181
     -71.00     0.191
     -70.00     0.201
     -69.00     0.211
     -68.00     0.222
     -67.00     0.232
     -66.00     0.242
     -65.00     0.252
     -64.00     0.261
     -63.00     0.270
     -62.00     0.279
     -61.00     0.288
     -60.00     0.296
     -59.00     0.303
     -58.00     0.311
     -57.00     0.317
     -56.00     0.323
     -55.00     0.328
     -54.00     0.333
     -53.00     0.337
     -52.00     0.341
     -51.00     0.344
     -50.00     0.346
     -49.00     0.349
     -48.00     0.351
     -47.00     0.353
     -46.00     0.355
     -45.00     0.357
     -44.00     0.359
     -43.00     0.362
     -42.00     0.366
     -41.00     0.371
     -40.00     0.378
     -39.00     0.387
     -38.00     0.397
     -37.00     0.411
     -36.00     0.428
     -35.00     0.448
     -34.00     0.474
     -33.00     0.506
     -32.00     0.545
     -31.00     0.592
     -30.00     0.650
     -29.00     0.720
     -28.00     0.803
     -27.00     0.902
     -26.00     1.018
     -25.00     1.152
     -24.00     1.301
     -23.00     1.464
     -22.00     1.634
     -21.00     1.804
     -20.00     1.963
     -19.00     2.102
     -18.00     2.213
     -17.00     2.292
     -16.00     2.342
     -15.00     2.367
     -14.00     2.376
     -13.00     2.377
     -12.00     2.375
     -11.00     2.375
     -10.00     2.378
      -9.00     2.382
      -8.00     2.388
      -7.00     2.392
      -6.00     2.393
      -5.00     2.388
      -4.00     2.375
      -3.00     2.353
      -2.00     2.322
      -1.00     2.280
       0.00     2.228
       1.00     2.167
       2.00     2.095
       3.00     2.015
       4.00     1.928
       5.00     1.835
       6.00     1.736
       7.00     1.634
       8.00     1.529
       9.00     1.423
      10.00     1.317
      11.00     1.212
      12.00     1.110
      13.00     1.010
      14.00     0.914
      15.00     0.823
      16.00     0.737
      17.00     0.656
      18.00     0.581
      19.00     0.511
      20.00     0.448
      21.00     0.390
      22.00     0.338
      23.00     0.291
      24.00     0.249
      25.00     0.212
      26.00     0.180
      27.00     0.151
      28.00     0.127
      29.00     0.106
      30.00     0.088
      31.00     0.072
      32.00     0.059
      33.00     0.048
      34.00     0.039
      35.00     0.032
      36.00     0.025
      37.00     0.020
      38.00     0.016
      39.00     0.013
      40.00     0.010
      41.00     0.008
      42.00     0.006
      43.00     0.005
      44.00     0.004
      45.00     0.003
      46.00     0.002
      47.00     0.002
      48.00     0.001
      49.00     0.001
      50.00     0.001
      51.00     0.001
      52.00     0.000
      53.00     0.000
      54.00     0.000
      55.00     0.000
      56.00     0.000
      57.00     0.000
      58.00     0.000
      59.00     0.000
      60.00     0.000
      61.00     0.000
      62.00     0.000
      63.00     0.000
      64.00     0.000
      65.00     0.000
      66.00     0.000
      67.00     0.000
      68.00     0.000
      69.00     0.000
      70.00     0.000
      71.00     0.000
      72.00     0.000
      73.00     0.000
      74.00     0.000
      75.00     0.000
      76.00     0.000
      77.00     0.000
      78.00     0.000
      79.00     0.000
      80.00     0.000
      81.00     0.000
      82.00     0.000
      83.00     0.000
      84.00     0.000
      85.00     0.000
      86.00     0.000
      87.00     0.000
      88.00     0.000
      89.00     0.000
      90.00     0.000
      91.00     0.000
      92.00     0.000
      93.00     0.000
      94.00     0.000
      95.00     0.000
      96.00     0.000
      97.00     0.000
      98.00     0.000
      99.00     0.000
     100.00     0.000
%% HI4PI Gaussians - height, velocity, width (sigma) 
%      2.250    -3.466    12.947
%      0.374   -47.698    21.666
%      0.850   -18.138     5.246
%% Gaussians are derived from EBHIS                  
