%%    147.000    40.380    0     0.125  -100.000   100.000
% HI4PI gauss data -------------
%   l, b, RA, DEC, beam interpolated N_HI, N_H2_dark, N_H2_tot  
% 147.000 ;  40.380 ; 142.724 ;  66.125 ;  0.359E+21 ;  0.570E+20 ;  0.570E+20
% nearest HEALPix pixel: l, b, RA, DEC, N_HI, N_H2_dark, N_H2_tot
% 146.997 ;  40.424 ; 142.824 ;  66.108 ;  0.388E+21 ;  0.345E+20 ;  0.345E+20
% GASS III survey --------------
% NH - median within 6 arcmin radius   0.00    
% NH - mean within specified beam      0.00    
% EBHIS survey -----------------
% NH  within specified beam           0.357E+21
%%EBHIS   160  datapoints: v_lsr [km/s] and T_B [K]
     -99.09     0.037
     -97.80    -0.029
     -96.52    -0.081
     -95.23    -0.094
     -93.94    -0.117
     -92.65    -0.103
     -91.36    -0.036
     -90.08     0.065
     -88.79    -0.078
     -87.50    -0.145
     -86.21    -0.042
     -84.92     0.089
     -83.63     0.093
     -82.35     0.029
     -81.06    -0.016
     -79.77     0.108
     -78.48     0.015
     -77.19     0.161
     -75.90     0.125
     -74.62     0.177
     -73.33     0.183
     -72.04     0.217
     -70.75     0.393
     -69.46     0.394
     -68.18     0.567
     -66.89     0.427
     -65.60     0.589
     -64.31     0.745
     -63.02     0.658
     -61.73     0.756
     -60.45     0.738
     -59.16     0.858
     -57.87     1.005
     -56.58     1.080
     -55.29     1.135
     -54.00     1.246
     -52.72     1.342
     -51.43     1.433
     -50.14     1.357
     -48.85     1.301
     -47.56     1.409
     -46.28     1.394
     -44.99     1.323
     -43.70     1.275
     -42.41     1.044
     -41.12     0.886
     -39.83     0.696
     -38.55     0.661
     -37.26     0.620
     -35.97     0.504
     -34.68     0.458
     -33.39     0.435
     -32.10     0.314
     -30.82     0.351
     -29.53     0.340
     -28.24     0.527
     -26.95     0.515
     -25.66     0.476
     -24.38     0.577
     -23.09     0.467
     -21.80     0.530
     -20.51     0.669
     -19.22     0.672
     -17.93     0.842
     -16.65     0.759
     -15.36     0.828
     -14.07     0.964
     -12.78     1.133
     -11.49     1.399
     -10.20     1.616
      -8.92     1.940
      -7.63     2.155
      -6.34     2.993
      -5.05     4.893
      -3.76     7.626
      -2.48    11.157
      -1.19    11.684
       0.10    10.744
       1.39    10.769
       2.68     9.961
       3.97     8.949
       5.25     7.542
       6.54     5.789
       7.83     3.697
       9.12     2.631
      10.41     1.970
      11.70     1.527
      12.98     1.210
      14.27     0.927
      15.56     0.721
      16.85     0.637
      18.14     0.511
      19.42     0.400
      20.71     0.315
      22.00     0.317
      23.29     0.133
      24.58     0.213
      25.87     0.173
      27.15     0.207
      28.44     0.085
      29.73     0.126
      31.02     0.072
      32.31     0.016
      33.60    -0.004
      34.88     0.054
      36.17     0.003
      37.46     0.075
      38.75     0.119
      40.04    -0.017
      41.32     0.038
      42.61     0.138
      43.90    -0.036
      45.19    -0.012
      46.48     0.040
      47.77     0.095
      49.05    -0.031
      50.34     0.037
      51.63    -0.100
      52.92     0.043
      54.21     0.038
      55.50     0.031
      56.78    -0.001
      58.07    -0.126
      59.36    -0.047
      60.65     0.035
      61.94    -0.081
      63.22     0.004
      64.51    -0.032
      65.80     0.045
      67.09    -0.034
      68.38    -0.092
      69.67    -0.095
      70.95    -0.062
      72.24    -0.010
      73.53     0.070
      74.82     0.057
      76.11    -0.141
      77.40    -0.038
      78.68    -0.063
      79.97    -0.057
      81.26    -0.066
      82.55    -0.093
      83.84    -0.006
      85.12     0.016
      86.41    -0.077
      87.70    -0.035
      88.99     0.051
      90.28     0.059
      91.57     0.015
      92.85     0.016
      94.14     0.148
      95.43     0.042
      96.72     0.023
      98.01     0.042
      99.30    -0.100
%%GASS      0  datapoints: v_lsr [km/s] and T_B [K]
%%gauss   201  datapoints: v_lsr [km/s] and T_B [K]
    -100.00     0.000
     -99.00     0.000
     -98.00     0.000
     -97.00     0.000
     -96.00     0.001
     -95.00     0.001
     -94.00     0.001
     -93.00     0.002
     -92.00     0.002
     -91.00     0.003
     -90.00     0.004
     -89.00     0.005
     -88.00     0.007
     -87.00     0.009
     -86.00     0.012
     -85.00     0.016
     -84.00     0.020
     -83.00     0.026
     -82.00     0.033
     -81.00     0.042
     -80.00     0.053
     -79.00     0.066
     -78.00     0.082
     -77.00     0.101
     -76.00     0.123
     -75.00     0.149
     -74.00     0.178
     -73.00     0.212
     -72.00     0.249
     -71.00     0.290
     -70.00     0.334
     -69.00     0.382
     -68.00     0.433
     -67.00     0.486
     -66.00     0.541
     -65.00     0.598
     -64.00     0.656
     -63.00     0.715
     -62.00     0.774
     -61.00     0.832
     -60.00     0.891
     -59.00     0.949
     -58.00     1.006
     -57.00     1.063
     -56.00     1.118
     -55.00     1.174
     -54.00     1.227
     -53.00     1.278
     -52.00     1.324
     -51.00     1.362
     -50.00     1.388
     -49.00     1.400
     -48.00     1.394
     -47.00     1.371
     -46.00     1.328
     -45.00     1.265
     -44.00     1.186
     -43.00     1.096
     -42.00     1.000
     -41.00     0.905
     -40.00     0.814
     -39.00     0.731
     -38.00     0.656
     -37.00     0.590
     -36.00     0.533
     -35.00     0.486
     -34.00     0.448
     -33.00     0.419
     -32.00     0.399
     -31.00     0.388
     -30.00     0.386
     -29.00     0.393
     -28.00     0.407
     -27.00     0.428
     -26.00     0.453
     -25.00     0.480
     -24.00     0.509
     -23.00     0.540
     -22.00     0.571
     -21.00     0.605
     -20.00     0.643
     -19.00     0.687
     -18.00     0.738
     -17.00     0.798
     -16.00     0.868
     -15.00     0.946
     -14.00     1.035
     -13.00     1.137
     -12.00     1.254
     -11.00     1.397
     -10.00     1.578
      -9.00     1.821
      -8.00     2.161
      -7.00     2.656
      -6.00     3.423
      -5.00     4.750
      -4.00     7.055
      -3.00     9.961
      -2.00    11.692
      -1.00    11.525
       0.00    10.916
       1.00    10.707
       2.00    10.437
       3.00     9.780
       4.00     8.880
       5.00     7.861
       6.00     6.537
       7.00     4.964
       8.00     3.652
       9.00     2.741
      10.00     2.115
      11.00     1.678
      12.00     1.367
      13.00     1.139
      14.00     0.966
      15.00     0.829
      16.00     0.716
      17.00     0.619
      18.00     0.536
      19.00     0.463
      20.00     0.400
      21.00     0.344
      22.00     0.296
      23.00     0.254
      24.00     0.217
      25.00     0.185
      26.00     0.158
      27.00     0.135
      28.00     0.115
      29.00     0.097
      30.00     0.083
      31.00     0.070
      32.00     0.060
      33.00     0.051
      34.00     0.043
      35.00     0.037
      36.00     0.031
      37.00     0.026
      38.00     0.022
      39.00     0.019
      40.00     0.016
      41.00     0.014
      42.00     0.012
      43.00     0.010
      44.00     0.008
      45.00     0.007
      46.00     0.006
      47.00     0.005
      48.00     0.004
      49.00     0.004
      50.00     0.003
      51.00     0.003
      52.00     0.002
      53.00     0.002
      54.00     0.002
      55.00     0.001
      56.00     0.001
      57.00     0.001
      58.00     0.001
      59.00     0.001
      60.00     0.001
      61.00     0.001
      62.00     0.000
      63.00     0.000
      64.00     0.000
      65.00     0.000
      66.00     0.000
      67.00     0.000
      68.00     0.000
      69.00     0.000
      70.00     0.000
      71.00     0.000
      72.00     0.000
      73.00     0.000
      74.00     0.000
      75.00     0.000
      76.00     0.000
      77.00     0.000
      78.00     0.000
      79.00     0.000
      80.00     0.000
      81.00     0.000
      82.00     0.000
      83.00     0.000
      84.00     0.000
      85.00     0.000
      86.00     0.000
      87.00     0.000
      88.00     0.000
      89.00     0.000
      90.00     0.000
      91.00     0.000
      92.00     0.000
      93.00     0.000
      94.00     0.000
      95.00     0.000
      96.00     0.000
      97.00     0.000
      98.00     0.000
      99.00     0.000
     100.00     0.000
%% HI4PI Gaussians - height, velocity, width (sigma) 
%     10.431     1.142     3.647
%      1.792     1.592     8.667
%      0.655    -9.495    20.899
%      0.942   -56.014     9.974
%      0.772   -46.159     5.367
%      3.386    -2.210     1.207
%% Gaussians are derived from EBHIS                  
