%%    143.000    38.500    0     0.125  -100.000   100.000
% HI4PI gauss data -------------
%   l, b, RA, DEC, beam interpolated N_HI, N_H2_dark, N_H2_tot  
% 143.000 ;  38.500 ; 142.037 ;  69.732 ;  0.538E+21 ;  0.233E+21 ;  0.233E+21
% nearest HEALPix pixel: l, b, RA, DEC, N_HI, N_H2_dark, N_H2_tot
% 142.998 ;  38.539 ; 142.138 ;  69.715 ;  0.546E+21 ;  0.283E+21 ;  0.283E+21
% GASS III survey --------------
% NH - median within 6 arcmin radius   0.00    
% NH - mean within specified beam      0.00    
% EBHIS survey -----------------
% NH  within specified beam           0.538E+21
%%EBHIS   160  datapoints: v_lsr [km/s] and T_B [K]
     -99.09     0.089
     -97.80     0.079
     -96.52    -0.018
     -95.23     0.033
     -93.94     0.001
     -92.65    -0.128
     -91.36    -0.186
     -90.08    -0.146
     -88.79    -0.048
     -87.50     0.005
     -86.21    -0.088
     -84.92    -0.116
     -83.63     0.010
     -82.35    -0.110
     -81.06    -0.018
     -79.77     0.064
     -78.48     0.103
     -77.19    -0.046
     -75.90    -0.029
     -74.62    -0.033
     -73.33     0.237
     -72.04     0.174
     -70.75     0.121
     -69.46     0.100
     -68.18     0.207
     -66.89     0.311
     -65.60     0.364
     -64.31     0.460
     -63.02     0.572
     -61.73     0.834
     -60.45     1.103
     -59.16     1.423
     -57.87     2.136
     -56.58     2.973
     -55.29     3.925
     -54.00     4.880
     -52.72     5.319
     -51.43     4.937
     -50.14     4.010
     -48.85     3.106
     -47.56     2.565
     -46.28     1.928
     -44.99     1.523
     -43.70     1.380
     -42.41     1.055
     -41.12     0.949
     -39.83     0.827
     -38.55     0.541
     -37.26     0.452
     -35.97     0.456
     -34.68     0.516
     -33.39     0.288
     -32.10     0.344
     -30.82     0.323
     -29.53     0.235
     -28.24     0.270
     -26.95     0.317
     -25.66     0.264
     -24.38     0.274
     -23.09     0.371
     -21.80     0.523
     -20.51     0.426
     -19.22     0.532
     -17.93     0.565
     -16.65     0.643
     -15.36     0.717
     -14.07     0.911
     -12.78     1.079
     -11.49     1.074
     -10.20     1.001
      -8.92     1.039
      -7.63     1.089
      -6.34     1.268
      -5.05     1.360
      -3.76     1.982
      -2.48     3.304
      -1.19     6.434
       0.10    14.433
       1.39    24.838
       2.68    27.663
       3.97    22.288
       5.25    17.732
       6.54    14.379
       7.83    10.516
       9.12     6.443
      10.41     3.506
      11.70     2.249
      12.98     1.751
      14.27     1.243
      15.56     0.999
      16.85     0.842
      18.14     0.717
      19.42     0.599
      20.71     0.459
      22.00     0.443
      23.29     0.386
      24.58     0.267
      25.87     0.260
      27.15     0.128
      28.44     0.087
      29.73     0.131
      31.02     0.093
      32.31     0.090
      33.60     0.046
      34.88     0.211
      36.17     0.100
      37.46    -0.057
      38.75     0.088
      40.04     0.127
      41.32     0.022
      42.61     0.231
      43.90     0.006
      45.19    -0.092
      46.48     0.043
      47.77     0.056
      49.05     0.048
      50.34     0.003
      51.63    -0.007
      52.92     0.039
      54.21    -0.047
      55.50     0.057
      56.78     0.122
      58.07     0.134
      59.36     0.014
      60.65    -0.087
      61.94    -0.060
      63.22     0.047
      64.51     0.042
      65.80     0.056
      67.09     0.124
      68.38     0.003
      69.67     0.034
      70.95    -0.017
      72.24    -0.002
      73.53     0.088
      74.82     0.024
      76.11    -0.008
      77.40    -0.000
      78.68     0.037
      79.97    -0.103
      81.26    -0.005
      82.55     0.159
      83.84     0.024
      85.12    -0.032
      86.41    -0.056
      87.70    -0.094
      88.99     0.048
      90.28     0.054
      91.57    -0.102
      92.85    -0.058
      94.14     0.050
      95.43     0.042
      96.72     0.006
      98.01    -0.046
      99.30    -0.140
%%GASS      0  datapoints: v_lsr [km/s] and T_B [K]
%%gauss   201  datapoints: v_lsr [km/s] and T_B [K]
    -100.00     0.000
     -99.00     0.000
     -98.00     0.000
     -97.00     0.000
     -96.00     0.000
     -95.00     0.000
     -94.00     0.000
     -93.00     0.000
     -92.00     0.000
     -91.00     0.000
     -90.00     0.000
     -89.00     0.000
     -88.00     0.000
     -87.00     0.000
     -86.00     0.000
     -85.00     0.001
     -84.00     0.001
     -83.00     0.001
     -82.00     0.002
     -81.00     0.003
     -80.00     0.004
     -79.00     0.007
     -78.00     0.010
     -77.00     0.014
     -76.00     0.020
     -75.00     0.028
     -74.00     0.039
     -73.00     0.054
     -72.00     0.074
     -71.00     0.099
     -70.00     0.130
     -69.00     0.170
     -68.00     0.219
     -67.00     0.278
     -66.00     0.349
     -65.00     0.432
     -64.00     0.528
     -63.00     0.640
     -62.00     0.775
     -61.00     0.946
     -60.00     1.180
     -59.00     1.517
     -58.00     1.999
     -57.00     2.649
     -56.00     3.432
     -55.00     4.237
     -54.00     4.888
     -53.00     5.216
     -52.00     5.132
     -51.00     4.680
     -50.00     4.004
     -49.00     3.282
     -48.00     2.649
     -47.00     2.161
     -46.00     1.813
     -45.00     1.564
     -44.00     1.376
     -43.00     1.218
     -42.00     1.075
     -41.00     0.942
     -40.00     0.818
     -39.00     0.705
     -38.00     0.602
     -37.00     0.513
     -36.00     0.437
     -35.00     0.375
     -34.00     0.325
     -33.00     0.289
     -32.00     0.264
     -31.00     0.249
     -30.00     0.245
     -29.00     0.248
     -28.00     0.259
     -27.00     0.276
     -26.00     0.299
     -25.00     0.328
     -24.00     0.360
     -23.00     0.397
     -22.00     0.437
     -21.00     0.480
     -20.00     0.526
     -19.00     0.574
     -18.00     0.624
     -17.00     0.676
     -16.00     0.728
     -15.00     0.782
     -14.00     0.835
     -13.00     0.888
     -12.00     0.940
     -11.00     0.990
     -10.00     1.039
      -9.00     1.087
      -8.00     1.135
      -7.00     1.191
      -6.00     1.279
      -5.00     1.461
      -4.00     1.862
      -3.00     2.634
      -2.00     4.081
      -1.00     7.237
       0.00    13.588
       1.00    22.070
       2.00    27.577
       3.00    26.664
       4.00    22.201
       5.00    18.406
       6.00    15.822
       7.00    13.123
       8.00     9.898
       9.00     6.749
      10.00     4.319
      11.00     2.809
      12.00     2.065
      13.00     1.702
      14.00     1.368
      15.00     1.077
      16.00     0.897
      17.00     0.777
      18.00     0.683
      19.00     0.604
      20.00     0.535
      21.00     0.476
      22.00     0.423
      23.00     0.375
      24.00     0.332
      25.00     0.294
      26.00     0.259
      27.00     0.227
      28.00     0.199
      29.00     0.174
      30.00     0.151
      31.00     0.131
      32.00     0.113
      33.00     0.097
      34.00     0.082
      35.00     0.070
      36.00     0.059
      37.00     0.050
      38.00     0.042
      39.00     0.035
      40.00     0.029
      41.00     0.024
      42.00     0.020
      43.00     0.016
      44.00     0.013
      45.00     0.011
      46.00     0.009
      47.00     0.007
      48.00     0.006
      49.00     0.004
      50.00     0.004
      51.00     0.003
      52.00     0.002
      53.00     0.002
      54.00     0.001
      55.00     0.001
      56.00     0.001
      57.00     0.001
      58.00     0.000
      59.00     0.000
      60.00     0.000
      61.00     0.000
      62.00     0.000
      63.00     0.000
      64.00     0.000
      65.00     0.000
      66.00     0.000
      67.00     0.000
      68.00     0.000
      69.00     0.000
      70.00     0.000
      71.00     0.000
      72.00     0.000
      73.00     0.000
      74.00     0.000
      75.00     0.000
      76.00     0.000
      77.00     0.000
      78.00     0.000
      79.00     0.000
      80.00     0.000
      81.00     0.000
      82.00     0.000
      83.00     0.000
      84.00     0.000
      85.00     0.000
      86.00     0.000
      87.00     0.000
      88.00     0.000
      89.00     0.000
      90.00     0.000
      91.00     0.000
      92.00     0.000
      93.00     0.000
      94.00     0.000
      95.00     0.000
      96.00     0.000
      97.00     0.000
      98.00     0.000
      99.00     0.000
     100.00     0.000
%% HI4PI Gaussians - height, velocity, width (sigma) 
%     14.757     5.735     2.426
%     20.374     1.987     1.633
%      1.138    -2.115    14.775
%      1.788   -51.409     8.457
%      3.890   -52.779     2.859
%      0.823     9.640     5.672
%      1.548    -1.768     1.702
%      0.193  -129.814     7.956
%% Gaussians are derived from EBHIS                  
