%%    146.930    20.750    0     0.125  -100.000   100.000
% HI4PI gauss data -------------
%   l, b, RA, DEC, beam interpolated N_HI, N_H2_dark, N_H2_tot  
% 146.930 ;  20.750 ;  91.815 ;  67.201 ;  0.726E+21 ;  0.315E+21 ;  0.381E+21
% nearest HEALPix pixel: l, b, RA, DEC, N_HI, N_H2_dark, N_H2_tot
% 146.909 ;  20.742 ;  91.779 ;  67.216 ;  0.721E+21 ;  0.306E+21 ;  0.372E+21
% GASS III survey --------------
% NH - median within 6 arcmin radius   0.00    
% NH - mean within specified beam      0.00    
% EBHIS survey -----------------
% NH  within specified beam           0.724E+21
%%EBHIS   160  datapoints: v_lsr [km/s] and T_B [K]
     -99.09     0.280
     -97.80     0.379
     -96.52     0.427
     -95.23     0.498
     -93.94     0.485
     -92.65     0.623
     -91.36     0.640
     -90.08     0.793
     -88.79     0.829
     -87.50     0.778
     -86.21     0.750
     -84.92     0.923
     -83.63     0.844
     -82.35     0.685
     -81.06     0.438
     -79.77     0.564
     -78.48     0.555
     -77.19     0.507
     -75.90     0.476
     -74.62     0.459
     -73.33     0.372
     -72.04     0.402
     -70.75     0.391
     -69.46     0.596
     -68.18     0.519
     -66.89     0.573
     -65.60     0.680
     -64.31     0.552
     -63.02     0.660
     -61.73     0.759
     -60.45     0.858
     -59.16     0.827
     -57.87     0.886
     -56.58     0.997
     -55.29     1.050
     -54.00     1.023
     -52.72     1.028
     -51.43     1.098
     -50.14     1.171
     -48.85     1.083
     -47.56     0.985
     -46.28     1.028
     -44.99     0.872
     -43.70     0.868
     -42.41     0.762
     -41.12     0.779
     -39.83     0.624
     -38.55     0.503
     -37.26     0.490
     -35.97     0.580
     -34.68     0.521
     -33.39     0.502
     -32.10     0.492
     -30.82     0.296
     -29.53     0.483
     -28.24     0.511
     -26.95     0.517
     -25.66     0.553
     -24.38     0.807
     -23.09     0.825
     -21.80     1.087
     -20.51     1.268
     -19.22     1.364
     -17.93     1.903
     -16.65     2.376
     -15.36     2.955
     -14.07     3.481
     -12.78     3.821
     -11.49     4.177
     -10.20     4.738
      -8.92     5.953
      -7.63     7.567
      -6.34    10.286
      -5.05    14.510
      -3.76    22.759
      -2.48    33.138
      -1.19    39.460
       0.10    37.472
       1.39    23.646
       2.68    11.963
       3.97     8.081
       5.25     5.992
       6.54     4.503
       7.83     3.464
       9.12     2.791
      10.41     2.063
      11.70     1.494
      12.98     1.240
      14.27     0.996
      15.56     0.827
      16.85     0.676
      18.14     0.539
      19.42     0.347
      20.71     0.426
      22.00     0.318
      23.29     0.153
      24.58     0.212
      25.87     0.114
      27.15     0.051
      28.44     0.066
      29.73     0.040
      31.02     0.073
      32.31     0.091
      33.60     0.141
      34.88     0.080
      36.17     0.040
      37.46     0.037
      38.75     0.046
      40.04    -0.048
      41.32    -0.006
      42.61    -0.003
      43.90     0.129
      45.19    -0.142
      46.48    -0.077
      47.77     0.056
      49.05    -0.047
      50.34    -0.126
      51.63    -0.053
      52.92     0.042
      54.21    -0.119
      55.50     0.005
      56.78    -0.050
      58.07    -0.008
      59.36    -0.003
      60.65    -0.007
      61.94    -0.044
      63.22     0.048
      64.51    -0.024
      65.80    -0.113
      67.09    -0.043
      68.38     0.002
      69.67     0.045
      70.95     0.056
      72.24    -0.014
      73.53    -0.077
      74.82     0.102
      76.11     0.066
      77.40    -0.009
      78.68     0.060
      79.97    -0.045
      81.26    -0.093
      82.55    -0.084
      83.84    -0.074
      85.12    -0.115
      86.41    -0.058
      87.70    -0.045
      88.99    -0.091
      90.28    -0.081
      91.57     0.188
      92.85     0.052
      94.14    -0.016
      95.43    -0.004
      96.72     0.003
      98.01     0.035
      99.30    -0.059
%%GASS      0  datapoints: v_lsr [km/s] and T_B [K]
%%gauss   201  datapoints: v_lsr [km/s] and T_B [K]
    -100.00     0.354
     -99.00     0.373
     -98.00     0.396
     -97.00     0.423
     -96.00     0.456
     -95.00     0.495
     -94.00     0.539
     -93.00     0.587
     -92.00     0.639
     -91.00     0.690
     -90.00     0.738
     -89.00     0.779
     -88.00     0.808
     -87.00     0.824
     -86.00     0.823
     -85.00     0.806
     -84.00     0.775
     -83.00     0.732
     -82.00     0.683
     -81.00     0.630
     -80.00     0.579
     -79.00     0.532
     -78.00     0.492
     -77.00     0.460
     -76.00     0.436
     -75.00     0.420
     -74.00     0.412
     -73.00     0.412
     -72.00     0.419
     -71.00     0.433
     -70.00     0.453
     -69.00     0.479
     -68.00     0.510
     -67.00     0.545
     -66.00     0.584
     -65.00     0.627
     -64.00     0.671
     -63.00     0.718
     -62.00     0.764
     -61.00     0.810
     -60.00     0.855
     -59.00     0.898
     -58.00     0.938
     -57.00     0.973
     -56.00     1.004
     -55.00     1.029
     -54.00     1.048
     -53.00     1.060
     -52.00     1.066
     -51.00     1.064
     -50.00     1.055
     -49.00     1.039
     -48.00     1.017
     -47.00     0.989
     -46.00     0.955
     -45.00     0.916
     -44.00     0.874
     -43.00     0.828
     -42.00     0.781
     -41.00     0.732
     -40.00     0.684
     -39.00     0.637
     -38.00     0.592
     -37.00     0.550
     -36.00     0.513
     -35.00     0.481
     -34.00     0.456
     -33.00     0.437
     -32.00     0.428
     -31.00     0.427
     -30.00     0.437
     -29.00     0.459
     -28.00     0.492
     -27.00     0.539
     -26.00     0.600
     -25.00     0.676
     -24.00     0.768
     -23.00     0.875
     -22.00     1.000
     -21.00     1.145
     -20.00     1.319
     -19.00     1.541
     -18.00     1.836
     -17.00     2.217
     -16.00     2.664
     -15.00     3.110
     -14.00     3.478
     -13.00     3.751
     -12.00     4.001
     -11.00     4.358
     -10.00     4.948
      -9.00     5.852
      -8.00     7.107
      -7.00     8.756
      -6.00    11.050
      -5.00    14.767
      -4.00    20.938
      -3.00    29.087
      -2.00    36.186
      -1.00    39.792
       0.00    38.129
       1.00    28.450
       2.00    16.898
       3.00    10.625
       4.00     7.955
       5.00     6.339
       6.00     5.099
       7.00     4.120
       8.00     3.343
       9.00     2.716
      10.00     2.209
      11.00     1.809
      12.00     1.501
      13.00     1.264
      14.00     1.075
      15.00     0.917
      16.00     0.780
      17.00     0.661
      18.00     0.556
      19.00     0.464
      20.00     0.385
      21.00     0.317
      22.00     0.259
      23.00     0.210
      24.00     0.169
      25.00     0.135
      26.00     0.107
      27.00     0.084
      28.00     0.066
      29.00     0.051
      30.00     0.039
      31.00     0.030
      32.00     0.023
      33.00     0.017
      34.00     0.013
      35.00     0.010
      36.00     0.007
      37.00     0.005
      38.00     0.004
      39.00     0.003
      40.00     0.002
      41.00     0.001
      42.00     0.001
      43.00     0.001
      44.00     0.001
      45.00     0.000
      46.00     0.000
      47.00     0.000
      48.00     0.000
      49.00     0.000
      50.00     0.000
      51.00     0.000
      52.00     0.000
      53.00     0.000
      54.00     0.000
      55.00     0.000
      56.00     0.000
      57.00     0.000
      58.00     0.000
      59.00     0.000
      60.00     0.000
      61.00     0.000
      62.00     0.000
      63.00     0.000
      64.00     0.000
      65.00     0.000
      66.00     0.000
      67.00     0.000
      68.00     0.000
      69.00     0.000
      70.00     0.000
      71.00     0.000
      72.00     0.000
      73.00     0.000
      74.00     0.000
      75.00     0.000
      76.00     0.000
      77.00     0.000
      78.00     0.000
      79.00     0.000
      80.00     0.000
      81.00     0.000
      82.00     0.000
      83.00     0.000
      84.00     0.000
      85.00     0.000
      86.00     0.000
      87.00     0.000
      88.00     0.000
      89.00     0.000
      90.00     0.000
      91.00     0.000
      92.00     0.000
      93.00     0.000
      94.00     0.000
      95.00     0.000
      96.00     0.000
      97.00     0.000
      98.00     0.000
      99.00     0.000
     100.00     0.000
%% HI4PI Gaussians - height, velocity, width (sigma) 
%     10.365    -1.556     4.467
%      3.590    -3.376    11.066
%     21.774    -1.624     1.765
%      1.035   -51.784    12.791
%     11.153     0.248     1.127
%      0.330  -104.428    20.345
%      0.595   -86.184     4.792
%      0.838   -14.551     2.230
%      0.102  -359.279    -9.169
%% component flagged & excluded if width negative ---
%% Gaussians are derived from EBHIS                  
