%%    146.200    39.630    0     0.125  -100.000   100.000
% HI4PI gauss data -------------
%   l, b, RA, DEC, beam interpolated N_HI, N_H2_dark, N_H2_tot  
% 146.200 ;  39.630 ; 141.706 ;  67.005 ;  0.455E+21 ;  0.220E+21 ;  0.220E+21
% nearest HEALPix pixel: l, b, RA, DEC, N_HI, N_H2_dark, N_H2_tot
% 146.206 ;  39.644 ; 141.734 ;  66.995 ;  0.458E+21 ;  0.240E+21 ;  0.240E+21
% GASS III survey --------------
% NH - median within 6 arcmin radius   0.00    
% NH - mean within specified beam      0.00    
% EBHIS survey -----------------
% NH  within specified beam           0.453E+21
%%EBHIS   160  datapoints: v_lsr [km/s] and T_B [K]
     -99.09     0.143
     -97.80     0.133
     -96.52    -0.038
     -95.23    -0.021
     -93.94     0.049
     -92.65     0.149
     -91.36     0.021
     -90.08    -0.062
     -88.79    -0.074
     -87.50    -0.061
     -86.21    -0.071
     -84.92     0.148
     -83.63     0.058
     -82.35     0.003
     -81.06    -0.002
     -79.77     0.089
     -78.48     0.143
     -77.19     0.108
     -75.90     0.243
     -74.62     0.348
     -73.33     0.425
     -72.04     0.444
     -70.75     0.744
     -69.46     0.961
     -68.18     1.022
     -66.89     1.260
     -65.60     1.724
     -64.31     2.619
     -63.02     3.599
     -61.73     4.307
     -60.45     4.947
     -59.16     5.759
     -57.87     6.634
     -56.58     6.711
     -55.29     5.205
     -54.00     3.160
     -52.72     1.945
     -51.43     1.357
     -50.14     0.934
     -48.85     1.030
     -47.56     0.897
     -46.28     0.647
     -44.99     0.554
     -43.70     0.574
     -42.41     0.522
     -41.12     0.339
     -39.83     0.404
     -38.55     0.394
     -37.26     0.401
     -35.97     0.403
     -34.68     0.264
     -33.39     0.170
     -32.10     0.253
     -30.82     0.350
     -29.53     0.376
     -28.24     0.366
     -26.95     0.324
     -25.66     0.257
     -24.38     0.517
     -23.09     0.481
     -21.80     0.532
     -20.51     0.649
     -19.22     0.719
     -17.93     0.581
     -16.65     0.711
     -15.36     0.774
     -14.07     0.902
     -12.78     1.104
     -11.49     1.257
     -10.20     1.366
      -8.92     1.795
      -7.63     2.326
      -6.34     3.877
      -5.05     6.374
      -3.76     9.061
      -2.48    10.083
      -1.19     8.666
       0.10     6.913
       1.39     5.922
       2.68     8.169
       3.97    13.161
       5.25    16.219
       6.54    12.256
       7.83     5.634
       9.12     2.166
      10.41     1.401
      11.70     1.147
      12.98     1.064
      14.27     0.763
      15.56     0.759
      16.85     0.687
      18.14     0.503
      19.42     0.369
      20.71     0.266
      22.00     0.148
      23.29     0.122
      24.58     0.103
      25.87     0.091
      27.15    -0.014
      28.44     0.042
      29.73     0.132
      31.02     0.007
      32.31     0.113
      33.60     0.100
      34.88    -0.075
      36.17     0.042
      37.46    -0.042
      38.75    -0.119
      40.04    -0.040
      41.32    -0.004
      42.61     0.007
      43.90    -0.119
      45.19     0.011
      46.48     0.067
      47.77     0.021
      49.05     0.029
      50.34     0.046
      51.63     0.045
      52.92     0.055
      54.21     0.083
      55.50    -0.045
      56.78     0.029
      58.07     0.039
      59.36     0.002
      60.65    -0.134
      61.94    -0.104
      63.22     0.020
      64.51    -0.024
      65.80    -0.167
      67.09    -0.057
      68.38     0.093
      69.67     0.042
      70.95    -0.098
      72.24    -0.002
      73.53    -0.007
      74.82    -0.100
      76.11    -0.083
      77.40    -0.022
      78.68    -0.036
      79.97    -0.081
      81.26     0.006
      82.55     0.003
      83.84    -0.085
      85.12    -0.038
      86.41     0.098
      87.70    -0.033
      88.99     0.018
      90.28    -0.022
      91.57    -0.096
      92.85    -0.064
      94.14    -0.082
      95.43    -0.008
      96.72     0.030
      98.01     0.114
      99.30     0.007
%%GASS      0  datapoints: v_lsr [km/s] and T_B [K]
%%gauss   201  datapoints: v_lsr [km/s] and T_B [K]
    -100.00     0.000
     -99.00     0.001
     -98.00     0.001
     -97.00     0.001
     -96.00     0.002
     -95.00     0.002
     -94.00     0.003
     -93.00     0.004
     -92.00     0.005
     -91.00     0.007
     -90.00     0.009
     -89.00     0.012
     -88.00     0.016
     -87.00     0.020
     -86.00     0.027
     -85.00     0.035
     -84.00     0.045
     -83.00     0.058
     -82.00     0.073
     -81.00     0.093
     -80.00     0.117
     -79.00     0.145
     -78.00     0.180
     -77.00     0.220
     -76.00     0.268
     -75.00     0.322
     -74.00     0.384
     -73.00     0.454
     -72.00     0.534
     -71.00     0.625
     -70.00     0.730
     -69.00     0.856
     -68.00     1.020
     -67.00     1.255
     -66.00     1.613
     -65.00     2.142
     -64.00     2.832
     -63.00     3.571
     -62.00     4.200
     -61.00     4.681
     -60.00     5.173
     -59.00     5.858
     -58.00     6.599
     -57.00     6.856
     -56.00     6.169
     -55.00     4.721
     -54.00     3.200
     -53.00     2.121
     -52.00     1.530
     -51.00     1.236
     -50.00     1.073
     -49.00     0.958
     -48.00     0.862
     -47.00     0.777
     -46.00     0.700
     -45.00     0.629
     -44.00     0.566
     -43.00     0.509
     -42.00     0.459
     -41.00     0.416
     -40.00     0.380
     -39.00     0.350
     -38.00     0.326
     -37.00     0.308
     -36.00     0.295
     -35.00     0.287
     -34.00     0.283
     -33.00     0.283
     -32.00     0.286
     -31.00     0.293
     -30.00     0.303
     -29.00     0.316
     -28.00     0.333
     -27.00     0.352
     -26.00     0.374
     -25.00     0.400
     -24.00     0.428
     -23.00     0.461
     -22.00     0.497
     -21.00     0.538
     -20.00     0.582
     -19.00     0.631
     -18.00     0.686
     -17.00     0.745
     -16.00     0.811
     -15.00     0.883
     -14.00     0.963
     -13.00     1.054
     -12.00     1.157
     -11.00     1.280
     -10.00     1.442
      -9.00     1.689
      -8.00     2.137
      -7.00     2.986
      -6.00     4.447
      -5.00     6.501
      -4.00     8.623
      -3.00     9.923
      -2.00     9.805
      -1.00     8.506
       0.00     6.911
       1.00     5.988
       2.00     6.567
       3.00     9.203
       4.00    13.307
       5.00    16.144
       6.00    14.710
       7.00     9.733
       8.00     4.964
       9.00     2.439
      10.00     1.548
      11.00     1.253
      12.00     1.089
      13.00     0.944
      14.00     0.816
      15.00     0.716
      16.00     0.643
      17.00     0.569
      18.00     0.482
      19.00     0.405
      20.00     0.346
      21.00     0.296
      22.00     0.252
      23.00     0.214
      24.00     0.181
      25.00     0.152
      26.00     0.127
      27.00     0.106
      28.00     0.088
      29.00     0.073
      30.00     0.060
      31.00     0.050
      32.00     0.041
      33.00     0.033
      34.00     0.027
      35.00     0.022
      36.00     0.018
      37.00     0.015
      38.00     0.012
      39.00     0.010
      40.00     0.008
      41.00     0.007
      42.00     0.005
      43.00     0.004
      44.00     0.003
      45.00     0.003
      46.00     0.002
      47.00     0.002
      48.00     0.001
      49.00     0.001
      50.00     0.001
      51.00     0.001
      52.00     0.001
      53.00     0.000
      54.00     0.000
      55.00     0.000
      56.00     0.000
      57.00     0.000
      58.00     0.000
      59.00     0.000
      60.00     0.000
      61.00     0.000
      62.00     0.000
      63.00     0.000
      64.00     0.000
      65.00     0.000
      66.00     0.000
      67.00     0.000
      68.00     0.000
      69.00     0.000
      70.00     0.000
      71.00     0.000
      72.00     0.000
      73.00     0.000
      74.00     0.000
      75.00     0.000
      76.00     0.000
      77.00     0.000
      78.00     0.000
      79.00     0.000
      80.00     0.000
      81.00     0.000
      82.00     0.000
      83.00     0.000
      84.00     0.000
      85.00     0.000
      86.00     0.000
      87.00     0.000
      88.00     0.000
      89.00     0.000
      90.00     0.000
      91.00     0.000
      92.00     0.000
      93.00     0.000
      94.00     0.000
      95.00     0.000
      96.00     0.000
      97.00     0.000
      98.00     0.000
      99.00     0.000
     100.00     0.000
%% HI4PI Gaussians - height, velocity, width (sigma) 
%      1.970     0.835    10.154
%      7.968    -2.584     2.309
%     10.062     5.545     1.479
%      1.631   -59.316     8.775
%      5.552     4.172     1.932
%      4.842   -56.981     2.026
%      0.349   -24.991    17.950
%      2.660   -61.682     2.185
%     -0.344  -476.131    -0.877
%% component flagged & excluded if width negative ---
%% Gaussians are derived from EBHIS                  
