%%    143.360    24.250    0     0.125  -100.000   100.000
% HI4PI gauss data -------------
%   l, b, RA, DEC, beam interpolated N_HI, N_H2_dark, N_H2_tot  
% 143.360 ;  24.250 ;  98.534 ;  71.389 ;  0.743E+21 ;  0.203E+21 ;  0.492E+21
% nearest HEALPix pixel: l, b, RA, DEC, N_HI, N_H2_dark, N_H2_tot
% 143.350 ;  24.256 ;  98.544 ;  71.399 ;  0.746E+21 ;  0.203E+21 ;  0.493E+21
% GASS III survey --------------
% NH - median within 6 arcmin radius   0.00    
% NH - mean within specified beam      0.00    
% EBHIS survey -----------------
% NH  within specified beam           0.744E+21
%%EBHIS   160  datapoints: v_lsr [km/s] and T_B [K]
     -99.09     0.152
     -97.80     0.230
     -96.52     0.010
     -95.23     0.024
     -93.94     0.091
     -92.65     0.132
     -91.36     0.035
     -90.08     0.075
     -88.79     0.049
     -87.50     0.071
     -86.21     0.152
     -84.92     0.028
     -83.63     0.095
     -82.35     0.198
     -81.06     0.091
     -79.77     0.060
     -78.48     0.047
     -77.19     0.242
     -75.90     0.221
     -74.62     0.105
     -73.33     0.006
     -72.04     0.215
     -70.75     0.149
     -69.46     0.262
     -68.18     0.293
     -66.89     0.206
     -65.60     0.169
     -64.31     0.323
     -63.02     0.205
     -61.73     0.308
     -60.45     0.218
     -59.16     0.415
     -57.87     0.562
     -56.58     0.581
     -55.29     0.557
     -54.00     0.547
     -52.72     0.472
     -51.43     0.472
     -50.14     0.569
     -48.85     0.523
     -47.56     0.409
     -46.28     0.524
     -44.99     0.619
     -43.70     0.530
     -42.41     0.539
     -41.12     0.497
     -39.83     0.506
     -38.55     0.461
     -37.26     0.343
     -35.97     0.393
     -34.68     0.675
     -33.39     0.542
     -32.10     0.651
     -30.82     0.683
     -29.53     0.779
     -28.24     0.909
     -26.95     1.212
     -25.66     1.392
     -24.38     1.585
     -23.09     2.046
     -21.80     2.290
     -20.51     2.771
     -19.22     2.928
     -17.93     3.610
     -16.65     3.966
     -15.36     3.969
     -14.07     4.044
     -12.78     4.296
     -11.49     4.635
     -10.20     5.410
      -8.92     6.411
      -7.63     7.971
      -6.34     9.950
      -5.05    12.545
      -3.76    19.216
      -2.48    28.293
      -1.19    32.446
       0.10    30.662
       1.39    26.575
       2.68    20.366
       3.97    14.078
       5.25    10.258
       6.54     7.876
       7.83     5.880
       9.12     4.669
      10.41     3.651
      11.70     2.921
      12.98     2.318
      14.27     1.754
      15.56     1.416
      16.85     1.118
      18.14     0.984
      19.42     0.677
      20.71     0.653
      22.00     0.505
      23.29     0.352
      24.58     0.207
      25.87     0.157
      27.15     0.058
      28.44     0.084
      29.73     0.082
      31.02    -0.023
      32.31    -0.069
      33.60    -0.080
      34.88     0.005
      36.17    -0.037
      37.46     0.032
      38.75    -0.039
      40.04     0.103
      41.32    -0.007
      42.61     0.037
      43.90     0.070
      45.19    -0.059
      46.48    -0.029
      47.77    -0.135
      49.05    -0.106
      50.34    -0.073
      51.63     0.039
      52.92    -0.055
      54.21    -0.195
      55.50    -0.049
      56.78    -0.039
      58.07     0.093
      59.36    -0.000
      60.65    -0.051
      61.94    -0.048
      63.22     0.016
      64.51     0.066
      65.80     0.031
      67.09     0.027
      68.38    -0.098
      69.67    -0.098
      70.95    -0.046
      72.24     0.020
      73.53    -0.024
      74.82     0.103
      76.11    -0.071
      77.40     0.100
      78.68     0.030
      79.97     0.040
      81.26    -0.046
      82.55     0.075
      83.84    -0.088
      85.12     0.092
      86.41     0.054
      87.70     0.057
      88.99    -0.076
      90.28     0.051
      91.57    -0.020
      92.85     0.182
      94.14     0.136
      95.43     0.013
      96.72     0.121
      98.01     0.026
      99.30     0.183
%%GASS      0  datapoints: v_lsr [km/s] and T_B [K]
%%gauss   201  datapoints: v_lsr [km/s] and T_B [K]
    -100.00     0.071
     -99.00     0.070
     -98.00     0.068
     -97.00     0.067
     -96.00     0.066
     -95.00     0.065
     -94.00     0.064
     -93.00     0.064
     -92.00     0.064
     -91.00     0.065
     -90.00     0.066
     -89.00     0.067
     -88.00     0.069
     -87.00     0.071
     -86.00     0.074
     -85.00     0.078
     -84.00     0.082
     -83.00     0.087
     -82.00     0.092
     -81.00     0.098
     -80.00     0.104
     -79.00     0.112
     -78.00     0.120
     -77.00     0.128
     -76.00     0.138
     -75.00     0.148
     -74.00     0.158
     -73.00     0.170
     -72.00     0.182
     -71.00     0.195
     -70.00     0.208
     -69.00     0.223
     -68.00     0.237
     -67.00     0.253
     -66.00     0.269
     -65.00     0.285
     -64.00     0.302
     -63.00     0.319
     -62.00     0.336
     -61.00     0.353
     -60.00     0.370
     -59.00     0.386
     -58.00     0.403
     -57.00     0.418
     -56.00     0.434
     -55.00     0.448
     -54.00     0.461
     -53.00     0.473
     -52.00     0.484
     -51.00     0.494
     -50.00     0.503
     -49.00     0.510
     -48.00     0.515
     -47.00     0.520
     -46.00     0.523
     -45.00     0.524
     -44.00     0.525
     -43.00     0.524
     -42.00     0.523
     -41.00     0.520
     -40.00     0.518
     -39.00     0.516
     -38.00     0.514
     -37.00     0.514
     -36.00     0.517
     -35.00     0.524
     -34.00     0.538
     -33.00     0.561
     -32.00     0.596
     -31.00     0.646
     -30.00     0.717
     -29.00     0.812
     -28.00     0.936
     -27.00     1.091
     -26.00     1.280
     -25.00     1.502
     -24.00     1.755
     -23.00     2.033
     -22.00     2.329
     -21.00     2.632
     -20.00     2.932
     -19.00     3.218
     -18.00     3.474
     -17.00     3.682
     -16.00     3.843
     -15.00     3.978
     -14.00     4.117
     -13.00     4.294
     -12.00     4.555
     -11.00     4.950
     -10.00     5.538
      -9.00     6.364
      -8.00     7.443
      -7.00     8.764
      -6.00    10.409
      -5.00    12.931
      -4.00    17.601
      -3.00    24.676
      -2.00    30.788
      -1.00    32.428
       0.00    30.845
       1.00    28.081
       2.00    23.855
       3.00    18.607
       4.00    14.018
       5.00    10.838
       6.00     8.695
       7.00     7.101
       8.00     5.820
       9.00     4.771
      10.00     3.921
      11.00     3.240
      12.00     2.697
      13.00     2.262
      14.00     1.909
      15.00     1.615
      16.00     1.365
      17.00     1.150
      18.00     0.961
      19.00     0.797
      20.00     0.653
      21.00     0.530
      22.00     0.424
      23.00     0.336
      24.00     0.263
      25.00     0.203
      26.00     0.156
      27.00     0.118
      28.00     0.089
      29.00     0.067
      30.00     0.050
      31.00     0.037
      32.00     0.028
      33.00     0.021
      34.00     0.016
      35.00     0.012
      36.00     0.010
      37.00     0.008
      38.00     0.006
      39.00     0.005
      40.00     0.004
      41.00     0.004
      42.00     0.003
      43.00     0.003
      44.00     0.002
      45.00     0.002
      46.00     0.002
      47.00     0.002
      48.00     0.001
      49.00     0.001
      50.00     0.001
      51.00     0.001
      52.00     0.001
      53.00     0.001
      54.00     0.001
      55.00     0.001
      56.00     0.001
      57.00     0.001
      58.00     0.000
      59.00     0.000
      60.00     0.000
      61.00     0.000
      62.00     0.000
      63.00     0.000
      64.00     0.000
      65.00     0.000
      66.00     0.000
      67.00     0.000
      68.00     0.000
      69.00     0.000
      70.00     0.000
      71.00     0.000
      72.00     0.000
      73.00     0.000
      74.00     0.000
      75.00     0.000
      76.00     0.000
      77.00     0.000
      78.00     0.000
      79.00     0.000
      80.00     0.000
      81.00     0.000
      82.00     0.000
      83.00     0.000
      84.00     0.000
      85.00     0.000
      86.00     0.000
      87.00     0.000
      88.00     0.000
      89.00     0.000
      90.00     0.000
      91.00     0.000
      92.00     0.000
      93.00     0.000
      94.00     0.000
      95.00     0.000
      96.00     0.000
      97.00     0.000
      98.00     0.000
      99.00     0.000
     100.00     0.000
%% HI4PI Gaussians - height, velocity, width (sigma) 
%     14.102    -0.623     5.093
%      3.518   -15.388     6.643
%     12.008     0.651     1.866
%      2.594     6.456     8.160
%     10.702    -2.023     1.364
%      0.537   -45.025    17.612
%      0.131  -111.255    13.497
%     -0.127   411.458    -7.772
%% component flagged & excluded if width negative ---
%% Gaussians are derived from EBHIS                  
