%%    148.200    38.630    0     0.125  -100.000   100.000
% HI4PI gauss data -------------
%   l, b, RA, DEC, beam interpolated N_HI, N_H2_dark, N_H2_tot  
% 148.200 ;  38.630 ; 137.858 ;  65.979 ;  0.460E+21 ;  0.162E+21 ;  0.162E+21
% nearest HEALPix pixel: l, b, RA, DEC, N_HI, N_H2_dark, N_H2_tot
% 148.184 ;  38.634 ; 137.880 ;  65.990 ;  0.460E+21 ;  0.143E+21 ;  0.143E+21
% GASS III survey --------------
% NH - median within 6 arcmin radius   0.00    
% NH - mean within specified beam      0.00    
% EBHIS survey -----------------
% NH  within specified beam           0.458E+21
%%EBHIS   160  datapoints: v_lsr [km/s] and T_B [K]
     -99.09     0.116
     -97.80     0.105
     -96.52     0.008
     -95.23    -0.043
     -93.94    -0.143
     -92.65    -0.041
     -91.36    -0.070
     -90.08     0.013
     -88.79    -0.018
     -87.50     0.140
     -86.21     0.141
     -84.92    -0.088
     -83.63    -0.011
     -82.35     0.048
     -81.06     0.032
     -79.77     0.148
     -78.48     0.051
     -77.19     0.139
     -75.90     0.032
     -74.62     0.154
     -73.33     0.326
     -72.04     0.583
     -70.75     0.558
     -69.46     0.666
     -68.18     1.005
     -66.89     1.141
     -65.60     1.463
     -64.31     1.900
     -63.02     2.404
     -61.73     2.768
     -60.45     3.482
     -59.16     4.440
     -57.87     5.364
     -56.58     5.520
     -55.29     4.128
     -54.00     2.880
     -52.72     2.245
     -51.43     1.838
     -50.14     1.736
     -48.85     1.548
     -47.56     1.425
     -46.28     1.353
     -44.99     1.090
     -43.70     1.050
     -42.41     0.912
     -41.12     0.825
     -39.83     0.670
     -38.55     0.617
     -37.26     0.450
     -35.97     0.596
     -34.68     0.452
     -33.39     0.376
     -32.10     0.469
     -30.82     0.279
     -29.53     0.277
     -28.24     0.439
     -26.95     0.525
     -25.66     0.513
     -24.38     0.485
     -23.09     0.476
     -21.80     0.679
     -20.51     0.795
     -19.22     0.738
     -17.93     0.924
     -16.65     1.082
     -15.36     1.148
     -14.07     1.305
     -12.78     1.453
     -11.49     1.692
     -10.20     2.090
      -8.92     2.395
      -7.63     3.065
      -6.34     3.560
      -5.05     4.295
      -3.76     7.498
      -2.48    12.819
      -1.19    15.840
       0.10    14.862
       1.39    11.908
       2.68     9.197
       3.97     8.287
       5.25     7.726
       6.54     6.268
       7.83     4.295
       9.12     2.697
      10.41     1.925
      11.70     1.501
      12.98     1.090
      14.27     0.863
      15.56     0.753
      16.85     0.662
      18.14     0.501
      19.42     0.444
      20.71     0.278
      22.00     0.206
      23.29     0.086
      24.58     0.231
      25.87     0.163
      27.15    -0.001
      28.44    -0.009
      29.73    -0.075
      31.02     0.028
      32.31     0.076
      33.60     0.045
      34.88     0.043
      36.17     0.022
      37.46     0.117
      38.75     0.067
      40.04     0.028
      41.32     0.043
      42.61     0.069
      43.90     0.143
      45.19     0.003
      46.48     0.080
      47.77     0.042
      49.05     0.058
      50.34     0.015
      51.63     0.000
      52.92    -0.156
      54.21    -0.052
      55.50     0.060
      56.78    -0.059
      58.07    -0.074
      59.36    -0.088
      60.65    -0.149
      61.94    -0.065
      63.22     0.060
      64.51    -0.040
      65.80    -0.080
      67.09     0.072
      68.38     0.024
      69.67     0.031
      70.95    -0.007
      72.24     0.014
      73.53    -0.001
      74.82    -0.130
      76.11    -0.101
      77.40    -0.068
      78.68    -0.015
      79.97    -0.090
      81.26    -0.086
      82.55     0.104
      83.84    -0.045
      85.12    -0.071
      86.41    -0.003
      87.70    -0.044
      88.99    -0.009
      90.28    -0.092
      91.57    -0.051
      92.85     0.067
      94.14     0.043
      95.43    -0.055
      96.72    -0.044
      98.01     0.023
      99.30     0.029
%%GASS      0  datapoints: v_lsr [km/s] and T_B [K]
%%gauss   201  datapoints: v_lsr [km/s] and T_B [K]
    -100.00     0.001
     -99.00     0.001
     -98.00     0.002
     -97.00     0.002
     -96.00     0.002
     -95.00     0.003
     -94.00     0.003
     -93.00     0.004
     -92.00     0.005
     -91.00     0.006
     -90.00     0.008
     -89.00     0.010
     -88.00     0.013
     -87.00     0.016
     -86.00     0.020
     -85.00     0.026
     -84.00     0.033
     -83.00     0.041
     -82.00     0.052
     -81.00     0.065
     -80.00     0.081
     -79.00     0.101
     -78.00     0.125
     -77.00     0.154
     -76.00     0.188
     -75.00     0.230
     -74.00     0.281
     -73.00     0.342
     -72.00     0.417
     -71.00     0.510
     -70.00     0.623
     -69.00     0.764
     -68.00     0.936
     -67.00     1.145
     -66.00     1.397
     -65.00     1.695
     -64.00     2.031
     -63.00     2.377
     -62.00     2.723
     -61.00     3.125
     -60.00     3.712
     -59.00     4.551
     -58.00     5.378
     -57.00     5.607
     -56.00     4.952
     -55.00     3.841
     -54.00     2.895
     -53.00     2.328
     -52.00     2.023
     -51.00     1.833
     -50.00     1.688
     -49.00     1.562
     -48.00     1.448
     -47.00     1.343
     -46.00     1.244
     -45.00     1.149
     -44.00     1.059
     -43.00     0.971
     -42.00     0.888
     -41.00     0.809
     -40.00     0.734
     -39.00     0.665
     -38.00     0.603
     -37.00     0.546
     -36.00     0.497
     -35.00     0.455
     -34.00     0.420
     -33.00     0.393
     -32.00     0.374
     -31.00     0.362
     -30.00     0.358
     -29.00     0.361
     -28.00     0.372
     -27.00     0.391
     -26.00     0.418
     -25.00     0.452
     -24.00     0.494
     -23.00     0.544
     -22.00     0.602
     -21.00     0.668
     -20.00     0.742
     -19.00     0.824
     -18.00     0.916
     -17.00     1.015
     -16.00     1.124
     -15.00     1.240
     -14.00     1.366
     -13.00     1.500
     -12.00     1.646
     -11.00     1.815
     -10.00     2.045
      -9.00     2.408
      -8.00     2.892
      -7.00     3.283
      -6.00     3.587
      -5.00     4.448
      -4.00     6.747
      -3.00    10.588
      -2.00    14.335
      -1.00    15.971
       0.00    15.140
       1.00    12.789
       2.00    10.357
       3.00     8.898
       4.00     8.332
       5.00     7.864
       6.00     6.926
       7.00     5.545
       8.00     4.097
       9.00     2.917
      10.00     2.106
      11.00     1.599
      12.00     1.285
      13.00     1.076
      14.00     0.923
      15.00     0.798
      16.00     0.691
      17.00     0.598
      18.00     0.515
      19.00     0.443
      20.00     0.379
      21.00     0.323
      22.00     0.275
      23.00     0.233
      24.00     0.196
      25.00     0.165
      26.00     0.138
      27.00     0.116
      28.00     0.096
      29.00     0.080
      30.00     0.066
      31.00     0.055
      32.00     0.045
      33.00     0.037
      34.00     0.030
      35.00     0.025
      36.00     0.020
      37.00     0.017
      38.00     0.014
      39.00     0.011
      40.00     0.009
      41.00     0.008
      42.00     0.006
      43.00     0.005
      44.00     0.004
      45.00     0.004
      46.00     0.003
      47.00     0.003
      48.00     0.002
      49.00     0.002
      50.00     0.002
      51.00     0.001
      52.00     0.001
      53.00     0.001
      54.00     0.001
      55.00     0.001
      56.00     0.001
      57.00     0.001
      58.00     0.001
      59.00     0.001
      60.00     0.000
      61.00     0.000
      62.00     0.000
      63.00     0.000
      64.00     0.000
      65.00     0.000
      66.00     0.000
      67.00     0.000
      68.00     0.000
      69.00     0.000
      70.00     0.000
      71.00     0.000
      72.00     0.000
      73.00     0.000
      74.00     0.000
      75.00     0.000
      76.00     0.000
      77.00     0.000
      78.00     0.000
      79.00     0.000
      80.00     0.000
      81.00     0.000
      82.00     0.000
      83.00     0.000
      84.00     0.000
      85.00     0.000
      86.00     0.000
      87.00     0.000
      88.00     0.000
      89.00     0.000
      90.00     0.000
      91.00     0.000
      92.00     0.000
      93.00     0.000
      94.00     0.000
      95.00     0.000
      96.00     0.000
      97.00     0.000
      98.00     0.000
      99.00     0.000
     100.00     0.000
%% HI4PI Gaussians - height, velocity, width (sigma) 
%      2.273    -2.181    11.903
%     12.912    -1.038     2.037
%      1.464   -53.174    11.443
%      5.763     4.412     2.797
%      1.991   -59.116     4.646
%      2.311   -57.203     1.643
%      1.152    -7.163     1.258
%      0.495   480.346    -1.144
%% component flagged & excluded if width negative ---
%% Gaussians are derived from EBHIS                  
