%%    142.210    23.250    0     0.125  -100.000   100.000
% HI4PI gauss data -------------
%   l, b, RA, DEC, beam interpolated N_HI, N_H2_dark, N_H2_tot  
% 142.210 ;  23.250 ;  94.579 ;  72.149 ;  0.811E+21 ;  0.397E+21 ;  0.787E+21
% nearest HEALPix pixel: l, b, RA, DEC, N_HI, N_H2_dark, N_H2_tot
% 142.207 ;  23.277 ;  94.662 ;  72.160 ;  0.820E+21 ;  0.423E+21 ;  0.814E+21
% GASS III survey --------------
% NH - median within 6 arcmin radius   0.00    
% NH - mean within specified beam      0.00    
% EBHIS survey -----------------
% NH  within specified beam           0.809E+21
%%EBHIS   160  datapoints: v_lsr [km/s] and T_B [K]
     -99.09     0.130
     -97.80     0.203
     -96.52     0.171
     -95.23     0.241
     -93.94     0.249
     -92.65     0.343
     -91.36     0.225
     -90.08     0.279
     -88.79     0.289
     -87.50     0.424
     -86.21     0.306
     -84.92     0.251
     -83.63     0.277
     -82.35     0.440
     -81.06     0.468
     -79.77     0.384
     -78.48     0.464
     -77.19     0.415
     -75.90     0.362
     -74.62     0.491
     -73.33     0.537
     -72.04     0.522
     -70.75     0.455
     -69.46     0.621
     -68.18     0.510
     -66.89     0.533
     -65.60     0.584
     -64.31     0.500
     -63.02     0.572
     -61.73     0.439
     -60.45     0.487
     -59.16     0.472
     -57.87     0.500
     -56.58     0.475
     -55.29     0.466
     -54.00     0.555
     -52.72     0.552
     -51.43     0.535
     -50.14     0.582
     -48.85     0.622
     -47.56     0.591
     -46.28     0.769
     -44.99     0.664
     -43.70     0.531
     -42.41     0.533
     -41.12     0.498
     -39.83     0.516
     -38.55     0.622
     -37.26     0.604
     -35.97     0.574
     -34.68     0.585
     -33.39     0.646
     -32.10     0.763
     -30.82     0.726
     -29.53     1.011
     -28.24     1.143
     -26.95     1.125
     -25.66     1.361
     -24.38     1.564
     -23.09     1.893
     -21.80     2.208
     -20.51     2.644
     -19.22     3.304
     -17.93     3.622
     -16.65     4.393
     -15.36     5.190
     -14.07     6.042
     -12.78     7.120
     -11.49     8.397
     -10.20     9.924
      -8.92    12.098
      -7.63    14.135
      -6.34    14.784
      -5.05    14.959
      -3.76    21.448
      -2.48    31.938
      -1.19    33.489
       0.10    26.561
       1.39    19.572
       2.68    14.047
       3.97    11.237
       5.25     8.891
       6.54     6.437
       7.83     4.635
       9.12     3.899
      10.41     3.551
      11.70     3.580
      12.98     3.180
      14.27     2.382
      15.56     1.781
      16.85     1.388
      18.14     1.026
      19.42     0.732
      20.71     0.565
      22.00     0.476
      23.29     0.413
      24.58     0.231
      25.87     0.262
      27.15     0.199
      28.44     0.166
      29.73     0.078
      31.02     0.083
      32.31     0.039
      33.60    -0.016
      34.88    -0.130
      36.17    -0.007
      37.46    -0.107
      38.75     0.088
      40.04    -0.002
      41.32     0.040
      42.61    -0.161
      43.90    -0.003
      45.19    -0.045
      46.48     0.006
      47.77     0.043
      49.05     0.064
      50.34     0.075
      51.63     0.135
      52.92     0.009
      54.21    -0.060
      55.50    -0.028
      56.78    -0.069
      58.07    -0.014
      59.36     0.094
      60.65     0.088
      61.94    -0.005
      63.22    -0.156
      64.51    -0.080
      65.80    -0.026
      67.09    -0.083
      68.38     0.000
      69.67     0.012
      70.95     0.070
      72.24     0.011
      73.53     0.002
      74.82     0.000
      76.11     0.024
      77.40    -0.016
      78.68     0.015
      79.97    -0.118
      81.26    -0.032
      82.55    -0.059
      83.84    -0.049
      85.12     0.096
      86.41     0.057
      87.70     0.020
      88.99    -0.079
      90.28     0.070
      91.57     0.072
      92.85     0.003
      94.14    -0.102
      95.43    -0.051
      96.72     0.038
      98.01    -0.022
      99.30    -0.016
%%GASS      0  datapoints: v_lsr [km/s] and T_B [K]
%%gauss   201  datapoints: v_lsr [km/s] and T_B [K]
    -100.00     0.234
     -99.00     0.238
     -98.00     0.242
     -97.00     0.248
     -96.00     0.254
     -95.00     0.261
     -94.00     0.269
     -93.00     0.278
     -92.00     0.286
     -91.00     0.296
     -90.00     0.305
     -89.00     0.315
     -88.00     0.325
     -87.00     0.335
     -86.00     0.346
     -85.00     0.356
     -84.00     0.367
     -83.00     0.377
     -82.00     0.387
     -81.00     0.398
     -80.00     0.408
     -79.00     0.418
     -78.00     0.427
     -77.00     0.437
     -76.00     0.446
     -75.00     0.455
     -74.00     0.463
     -73.00     0.471
     -72.00     0.479
     -71.00     0.487
     -70.00     0.494
     -69.00     0.500
     -68.00     0.507
     -67.00     0.512
     -66.00     0.518
     -65.00     0.523
     -64.00     0.528
     -63.00     0.532
     -62.00     0.537
     -61.00     0.541
     -60.00     0.544
     -59.00     0.547
     -58.00     0.550
     -57.00     0.552
     -56.00     0.555
     -55.00     0.556
     -54.00     0.558
     -53.00     0.559
     -52.00     0.559
     -51.00     0.559
     -50.00     0.559
     -49.00     0.558
     -48.00     0.557
     -47.00     0.555
     -46.00     0.554
     -45.00     0.552
     -44.00     0.550
     -43.00     0.549
     -42.00     0.548
     -41.00     0.548
     -40.00     0.550
     -39.00     0.553
     -38.00     0.560
     -37.00     0.569
     -36.00     0.583
     -35.00     0.603
     -34.00     0.630
     -33.00     0.666
     -32.00     0.712
     -31.00     0.770
     -30.00     0.843
     -29.00     0.932
     -28.00     1.041
     -27.00     1.171
     -26.00     1.324
     -25.00     1.503
     -24.00     1.710
     -23.00     1.947
     -22.00     2.217
     -21.00     2.521
     -20.00     2.864
     -19.00     3.250
     -18.00     3.686
     -17.00     4.179
     -16.00     4.739
     -15.00     5.378
     -14.00     6.107
     -13.00     6.934
     -12.00     7.866
     -11.00     8.932
     -10.00    10.237
      -9.00    11.900
      -8.00    13.679
      -7.00    14.709
      -6.00    14.589
      -5.00    15.136
      -4.00    19.625
      -3.00    28.017
      -2.00    34.034
      -1.00    32.713
       0.00    27.174
       1.00    21.569
       2.00    16.643
       3.00    13.140
       4.00    11.157
       5.00     9.419
       6.00     7.406
       7.00     5.660
       8.00     4.547
       9.00     3.943
      10.00     3.655
      11.00     3.568
      12.00     3.486
      13.00     3.165
      14.00     2.595
      15.00     2.004
      16.00     1.559
      17.00     1.256
      18.00     1.036
      19.00     0.860
      20.00     0.712
      21.00     0.587
      22.00     0.482
      23.00     0.393
      24.00     0.320
      25.00     0.259
      26.00     0.210
      27.00     0.170
      28.00     0.138
      29.00     0.112
      30.00     0.091
      31.00     0.075
      32.00     0.062
      33.00     0.052
      34.00     0.044
      35.00     0.037
      36.00     0.032
      37.00     0.028
      38.00     0.025
      39.00     0.022
      40.00     0.020
      41.00     0.018
      42.00     0.017
      43.00     0.015
      44.00     0.014
      45.00     0.013
      46.00     0.012
      47.00     0.011
      48.00     0.011
      49.00     0.010
      50.00     0.009
      51.00     0.008
      52.00     0.008
      53.00     0.007
      54.00     0.007
      55.00     0.006
      56.00     0.006
      57.00     0.006
      58.00     0.005
      59.00     0.005
      60.00     0.004
      61.00     0.004
      62.00     0.004
      63.00     0.004
      64.00     0.003
      65.00     0.003
      66.00     0.003
      67.00     0.003
      68.00     0.002
      69.00     0.002
      70.00     0.002
      71.00     0.002
      72.00     0.002
      73.00     0.002
      74.00     0.002
      75.00     0.001
      76.00     0.001
      77.00     0.001
      78.00     0.001
      79.00     0.001
      80.00     0.001
      81.00     0.001
      82.00     0.001
      83.00     0.001
      84.00     0.001
      85.00     0.001
      86.00     0.001
      87.00     0.001
      88.00     0.000
      89.00     0.000
      90.00     0.000
      91.00     0.000
      92.00     0.000
      93.00     0.000
      94.00     0.000
      95.00     0.000
      96.00     0.000
      97.00     0.000
      98.00     0.000
      99.00     0.000
     100.00     0.000
%% HI4PI Gaussians - height, velocity, width (sigma) 
%      6.972    -3.520    11.261
%     24.324    -1.885     1.452
%      3.930    -7.905     4.443
%      0.575   -55.474    29.192
%     10.957     0.754     1.417
%      4.631     4.070     1.683
%      4.008    -6.700     1.849
%      0.235  -111.788     6.958
%      1.000    12.472     1.540
%% Gaussians are derived from EBHIS                  
