%%    156.640    32.500    0     0.125  -100.000   100.000
% HI4PI gauss data -------------
%   l, b, RA, DEC, beam interpolated N_HI, N_H2_dark, N_H2_tot  
% 156.640 ;  32.500 ; 121.543 ;  60.390 ;  0.480E+21 ;  0.158E+21 ;  0.301E+21
% nearest HEALPix pixel: l, b, RA, DEC, N_HI, N_H2_dark, N_H2_tot
% 156.621 ;  32.487 ; 121.517 ;  60.407 ;  0.483E+21 ;  0.154E+21 ;  0.297E+21
% GASS III survey --------------
% NH - median within 6 arcmin radius   0.00    
% NH - mean within specified beam      0.00    
% EBHIS survey -----------------
% NH  within specified beam           0.484E+21
%%EBHIS   160  datapoints: v_lsr [km/s] and T_B [K]
     -99.09     0.123
     -97.80     0.016
     -96.52    -0.055
     -95.23     0.014
     -93.94    -0.074
     -92.65    -0.031
     -91.36     0.250
     -90.08     0.140
     -88.79     0.161
     -87.50     0.107
     -86.21     0.038
     -84.92     0.007
     -83.63    -0.024
     -82.35    -0.048
     -81.06     0.051
     -79.77     0.057
     -78.48     0.049
     -77.19     0.029
     -75.90     0.148
     -74.62     0.111
     -73.33     0.073
     -72.04     0.103
     -70.75    -0.009
     -69.46     0.027
     -68.18     0.121
     -66.89     0.243
     -65.60     0.354
     -64.31     0.446
     -63.02     0.724
     -61.73     0.938
     -60.45     1.263
     -59.16     1.640
     -57.87     2.521
     -56.58     3.522
     -55.29     4.560
     -54.00     5.133
     -52.72     4.436
     -51.43     3.241
     -50.14     2.380
     -48.85     1.928
     -47.56     1.634
     -46.28     1.593
     -44.99     1.332
     -43.70     1.231
     -42.41     1.043
     -41.12     0.954
     -39.83     0.652
     -38.55     0.586
     -37.26     0.651
     -35.97     0.447
     -34.68     0.543
     -33.39     0.416
     -32.10     0.484
     -30.82     0.264
     -29.53     0.415
     -28.24     0.461
     -26.95     0.352
     -25.66     0.170
     -24.38     0.297
     -23.09     0.330
     -21.80     0.445
     -20.51     0.367
     -19.22     0.336
     -17.93     0.329
     -16.65     0.550
     -15.36     0.791
     -14.07     1.025
     -12.78     1.216
     -11.49     1.546
     -10.20     1.804
      -8.92     2.224
      -7.63     3.129
      -6.34     4.818
      -5.05     7.151
      -3.76    11.736
      -2.48    18.409
      -1.19    25.215
       0.10    23.770
       1.39    16.396
       2.68     9.828
       3.97     5.872
       5.25     4.179
       6.54     3.390
       7.83     2.669
       9.12     2.008
      10.41     1.636
      11.70     1.300
      12.98     0.896
      14.27     0.763
      15.56     0.641
      16.85     0.439
      18.14     0.306
      19.42     0.294
      20.71     0.186
      22.00     0.145
      23.29     0.136
      24.58     0.233
      25.87     0.087
      27.15    -0.051
      28.44     0.046
      29.73     0.042
      31.02    -0.033
      32.31     0.055
      33.60    -0.022
      34.88     0.098
      36.17    -0.053
      37.46    -0.042
      38.75    -0.087
      40.04     0.031
      41.32    -0.009
      42.61     0.068
      43.90    -0.058
      45.19    -0.055
      46.48    -0.105
      47.77     0.078
      49.05     0.029
      50.34    -0.031
      51.63     0.101
      52.92     0.176
      54.21    -0.014
      55.50    -0.094
      56.78     0.075
      58.07     0.003
      59.36    -0.140
      60.65     0.023
      61.94    -0.037
      63.22     0.093
      64.51    -0.032
      65.80    -0.031
      67.09     0.073
      68.38     0.107
      69.67     0.198
      70.95     0.044
      72.24     0.017
      73.53    -0.017
      74.82    -0.007
      76.11     0.056
      77.40    -0.021
      78.68    -0.029
      79.97     0.082
      81.26     0.070
      82.55     0.062
      83.84     0.105
      85.12     0.141
      86.41     0.055
      87.70    -0.046
      88.99     0.160
      90.28     0.081
      91.57    -0.037
      92.85     0.125
      94.14    -0.004
      95.43     0.141
      96.72    -0.016
      98.01    -0.056
      99.30     0.030
%%GASS      0  datapoints: v_lsr [km/s] and T_B [K]
%%gauss   201  datapoints: v_lsr [km/s] and T_B [K]
    -100.00     0.005
     -99.00     0.006
     -98.00     0.006
     -97.00     0.007
     -96.00     0.008
     -95.00     0.008
     -94.00     0.009
     -93.00     0.010
     -92.00     0.011
     -91.00     0.012
     -90.00     0.013
     -89.00     0.014
     -88.00     0.016
     -87.00     0.017
     -86.00     0.019
     -85.00     0.020
     -84.00     0.022
     -83.00     0.024
     -82.00     0.026
     -81.00     0.029
     -80.00     0.031
     -79.00     0.034
     -78.00     0.038
     -77.00     0.042
     -76.00     0.048
     -75.00     0.054
     -74.00     0.062
     -73.00     0.073
     -72.00     0.087
     -71.00     0.105
     -70.00     0.130
     -69.00     0.163
     -68.00     0.206
     -67.00     0.263
     -66.00     0.338
     -65.00     0.433
     -64.00     0.552
     -63.00     0.696
     -62.00     0.868
     -61.00     1.075
     -60.00     1.342
     -59.00     1.726
     -58.00     2.311
     -57.00     3.143
     -56.00     4.100
     -55.00     4.856
     -54.00     5.052
     -53.00     4.602
     -52.00     3.776
     -51.00     2.955
     -50.00     2.358
     -49.00     1.993
     -48.00     1.770
     -47.00     1.611
     -46.00     1.472
     -45.00     1.341
     -44.00     1.213
     -43.00     1.091
     -42.00     0.977
     -41.00     0.872
     -40.00     0.778
     -39.00     0.695
     -38.00     0.623
     -37.00     0.562
     -36.00     0.511
     -35.00     0.469
     -34.00     0.434
     -33.00     0.406
     -32.00     0.384
     -31.00     0.365
     -30.00     0.351
     -29.00     0.339
     -28.00     0.330
     -27.00     0.324
     -26.00     0.320
     -25.00     0.319
     -24.00     0.321
     -23.00     0.328
     -22.00     0.340
     -21.00     0.361
     -20.00     0.390
     -19.00     0.432
     -18.00     0.489
     -17.00     0.565
     -16.00     0.663
     -15.00     0.786
     -14.00     0.938
     -13.00     1.122
     -12.00     1.341
     -11.00     1.602
     -10.00     1.917
      -9.00     2.325
      -8.00     2.904
      -7.00     3.794
      -6.00     5.195
      -5.00     7.359
      -4.00    10.656
      -3.00    15.508
      -2.00    21.391
      -1.00    25.455
       0.00    24.336
       1.00    18.827
       2.00    12.793
       3.00     8.539
       4.00     6.009
       5.00     4.509
       6.00     3.576
       7.00     2.956
       8.00     2.499
       9.00     2.123
      10.00     1.794
      11.00     1.501
      12.00     1.240
      13.00     1.012
      14.00     0.816
      15.00     0.652
      16.00     0.516
      17.00     0.406
      18.00     0.318
      19.00     0.249
      20.00     0.195
      21.00     0.154
      22.00     0.123
      23.00     0.099
      24.00     0.081
      25.00     0.067
      26.00     0.057
      27.00     0.049
      28.00     0.042
      29.00     0.037
      30.00     0.033
      31.00     0.030
      32.00     0.027
      33.00     0.024
      34.00     0.022
      35.00     0.020
      36.00     0.018
      37.00     0.016
      38.00     0.015
      39.00     0.014
      40.00     0.012
      41.00     0.011
      42.00     0.010
      43.00     0.009
      44.00     0.009
      45.00     0.008
      46.00     0.007
      47.00     0.006
      48.00     0.006
      49.00     0.005
      50.00     0.005
      51.00     0.004
      52.00     0.004
      53.00     0.003
      54.00     0.003
      55.00     0.003
      56.00     0.003
      57.00     0.002
      58.00     0.002
      59.00     0.002
      60.00     0.002
      61.00     0.001
      62.00     0.001
      63.00     0.001
      64.00     0.001
      65.00     0.001
      66.00     0.001
      67.00     0.001
      68.00     0.001
      69.00     0.001
      70.00     0.000
      71.00     0.000
      72.00     0.000
      73.00     0.000
      74.00     0.000
      75.00     0.000
      76.00     0.000
      77.00     0.000
      78.00     0.000
      79.00     0.000
      80.00     0.000
      81.00     0.000
      82.00     0.000
      83.00     0.000
      84.00     0.000
      85.00     0.000
      86.00     0.000
      87.00     0.000
      88.00     0.000
      89.00     0.000
      90.00     0.000
      91.00     0.000
      92.00     0.000
      93.00     0.000
      94.00     0.000
      95.00     0.000
      96.00     0.000
      97.00     0.000
      98.00     0.000
      99.00     0.000
     100.00     0.000
%% HI4PI Gaussians - height, velocity, width (sigma) 
%     11.525    -0.913     2.699
%      4.127     0.103     7.395
%     10.168    -0.649     1.508
%      1.718   -51.850     7.520
%      0.319   -26.926    26.502
%      3.160   -54.327     2.318
%% Gaussians are derived from EBHIS                  
