%%    150.120    40.670    0     0.125  -100.000   100.000
% HI4PI gauss data -------------
%   l, b, RA, DEC, beam interpolated N_HI, N_H2_dark, N_H2_tot  
% 150.120 ;  40.670 ; 141.024 ;  63.846 ;  0.346E+21 ;  0.102E+21 ;  0.102E+21
% nearest HEALPix pixel: l, b, RA, DEC, N_HI, N_H2_dark, N_H2_tot
% 150.117 ;  40.669 ; 141.024 ;  63.849 ;  0.346E+21 ;  0.926E+20 ;  0.926E+20
% GASS III survey --------------
% NH - median within 6 arcmin radius   0.00    
% NH - mean within specified beam      0.00    
% EBHIS survey -----------------
% NH  within specified beam           0.346E+21
%%EBHIS   160  datapoints: v_lsr [km/s] and T_B [K]
     -99.09     0.116
     -97.80    -0.017
     -96.52    -0.043
     -95.23    -0.032
     -93.94    -0.062
     -92.65    -0.012
     -91.36    -0.031
     -90.08    -0.143
     -88.79    -0.086
     -87.50    -0.092
     -86.21    -0.015
     -84.92     0.150
     -83.63     0.040
     -82.35    -0.040
     -81.06     0.134
     -79.77    -0.055
     -78.48    -0.104
     -77.19    -0.043
     -75.90     0.092
     -74.62     0.008
     -73.33     0.144
     -72.04     0.131
     -70.75     0.138
     -69.46     0.184
     -68.18     0.180
     -66.89     0.066
     -65.60     0.211
     -64.31     0.450
     -63.02     0.672
     -61.73     0.830
     -60.45     0.929
     -59.16     1.339
     -57.87     1.447
     -56.58     1.509
     -55.29     1.745
     -54.00     2.122
     -52.72     2.092
     -51.43     2.208
     -50.14     1.868
     -48.85     1.654
     -47.56     1.425
     -46.28     1.344
     -44.99     1.118
     -43.70     1.036
     -42.41     0.712
     -41.12     0.657
     -39.83     0.636
     -38.55     0.548
     -37.26     0.432
     -35.97     0.363
     -34.68     0.305
     -33.39     0.360
     -32.10     0.441
     -30.82     0.295
     -29.53     0.175
     -28.24     0.193
     -26.95     0.253
     -25.66     0.295
     -24.38     0.287
     -23.09     0.367
     -21.80     0.536
     -20.51     0.358
     -19.22     0.599
     -17.93     0.479
     -16.65     0.522
     -15.36     0.634
     -14.07     0.796
     -12.78     0.870
     -11.49     1.064
     -10.20     1.322
      -8.92     1.698
      -7.63     2.179
      -6.34     3.112
      -5.05     4.928
      -3.76     6.907
      -2.48     7.827
      -1.19     9.287
       0.10    11.370
       1.39    11.167
       2.68     9.758
       3.97     8.472
       5.25     7.703
       6.54     6.839
       7.83     4.928
       9.12     2.850
      10.41     1.927
      11.70     1.363
      12.98     1.189
      14.27     0.902
      15.56     0.895
      16.85     0.689
      18.14     0.644
      19.42     0.423
      20.71     0.365
      22.00     0.291
      23.29     0.291
      24.58     0.119
      25.87     0.243
      27.15     0.165
      28.44     0.122
      29.73     0.072
      31.02     0.144
      32.31     0.094
      33.60    -0.081
      34.88     0.034
      36.17    -0.099
      37.46     0.095
      38.75    -0.095
      40.04    -0.016
      41.32    -0.017
      42.61     0.107
      43.90     0.088
      45.19     0.021
      46.48     0.113
      47.77    -0.006
      49.05    -0.021
      50.34     0.070
      51.63    -0.012
      52.92     0.064
      54.21    -0.050
      55.50     0.025
      56.78    -0.065
      58.07    -0.141
      59.36     0.153
      60.65     0.051
      61.94    -0.062
      63.22    -0.008
      64.51     0.046
      65.80     0.082
      67.09     0.008
      68.38     0.070
      69.67     0.082
      70.95    -0.128
      72.24    -0.020
      73.53     0.054
      74.82     0.072
      76.11    -0.054
      77.40    -0.068
      78.68     0.075
      79.97     0.173
      81.26     0.090
      82.55    -0.058
      83.84     0.062
      85.12    -0.048
      86.41     0.007
      87.70     0.035
      88.99    -0.088
      90.28    -0.062
      91.57     0.005
      92.85    -0.051
      94.14    -0.041
      95.43    -0.028
      96.72     0.005
      98.01     0.046
      99.30     0.037
%%GASS      0  datapoints: v_lsr [km/s] and T_B [K]
%%gauss   201  datapoints: v_lsr [km/s] and T_B [K]
    -100.00     0.000
     -99.00     0.000
     -98.00     0.001
     -97.00     0.001
     -96.00     0.001
     -95.00     0.001
     -94.00     0.001
     -93.00     0.001
     -92.00     0.002
     -91.00     0.002
     -90.00     0.002
     -89.00     0.003
     -88.00     0.003
     -87.00     0.004
     -86.00     0.005
     -85.00     0.006
     -84.00     0.007
     -83.00     0.008
     -82.00     0.010
     -81.00     0.012
     -80.00     0.014
     -79.00     0.017
     -78.00     0.021
     -77.00     0.026
     -76.00     0.031
     -75.00     0.038
     -74.00     0.047
     -73.00     0.058
     -72.00     0.072
     -71.00     0.090
     -70.00     0.114
     -69.00     0.144
     -68.00     0.184
     -67.00     0.235
     -66.00     0.300
     -65.00     0.380
     -64.00     0.479
     -63.00     0.596
     -62.00     0.733
     -61.00     0.888
     -60.00     1.057
     -59.00     1.234
     -58.00     1.413
     -57.00     1.585
     -56.00     1.744
     -55.00     1.887
     -54.00     2.008
     -53.00     2.083
     -52.00     2.086
     -51.00     2.013
     -50.00     1.892
     -49.00     1.748
     -48.00     1.594
     -47.00     1.434
     -46.00     1.276
     -45.00     1.124
     -44.00     0.984
     -43.00     0.858
     -42.00     0.749
     -41.00     0.656
     -40.00     0.578
     -39.00     0.515
     -38.00     0.464
     -37.00     0.422
     -36.00     0.389
     -35.00     0.363
     -34.00     0.341
     -33.00     0.324
     -32.00     0.310
     -31.00     0.299
     -30.00     0.292
     -29.00     0.287
     -28.00     0.285
     -27.00     0.286
     -26.00     0.291
     -25.00     0.300
     -24.00     0.313
     -23.00     0.331
     -22.00     0.355
     -21.00     0.384
     -20.00     0.420
     -19.00     0.464
     -18.00     0.515
     -17.00     0.574
     -16.00     0.642
     -15.00     0.720
     -14.00     0.809
     -13.00     0.912
     -12.00     1.032
     -11.00     1.177
     -10.00     1.360
      -9.00     1.606
      -8.00     1.962
      -7.00     2.533
      -6.00     3.511
      -5.00     5.046
      -4.00     6.591
      -3.00     7.453
      -2.00     8.306
      -1.00     9.639
       0.00    11.151
       1.00    11.551
       2.00    10.534
       3.00     9.353
       4.00     8.431
       5.00     7.851
       6.00     7.333
       7.00     6.242
       8.00     4.567
       9.00     3.066
      10.00     2.146
      11.00     1.649
      12.00     1.353
      13.00     1.150
      14.00     0.994
      15.00     0.866
      16.00     0.757
      17.00     0.660
      18.00     0.574
      19.00     0.497
      20.00     0.429
      21.00     0.369
      22.00     0.316
      23.00     0.269
      24.00     0.229
      25.00     0.194
      26.00     0.164
      27.00     0.138
      28.00     0.116
      29.00     0.098
      30.00     0.082
      31.00     0.069
      32.00     0.058
      33.00     0.049
      34.00     0.041
      35.00     0.035
      36.00     0.030
      37.00     0.026
      38.00     0.022
      39.00     0.019
      40.00     0.017
      41.00     0.015
      42.00     0.013
      43.00     0.012
      44.00     0.010
      45.00     0.009
      46.00     0.008
      47.00     0.007
      48.00     0.007
      49.00     0.006
      50.00     0.005
      51.00     0.005
      52.00     0.005
      53.00     0.004
      54.00     0.004
      55.00     0.003
      56.00     0.003
      57.00     0.003
      58.00     0.002
      59.00     0.002
      60.00     0.002
      61.00     0.002
      62.00     0.002
      63.00     0.001
      64.00     0.001
      65.00     0.001
      66.00     0.001
      67.00     0.001
      68.00     0.001
      69.00     0.001
      70.00     0.001
      71.00     0.001
      72.00     0.001
      73.00     0.000
      74.00     0.000
      75.00     0.000
      76.00     0.000
      77.00     0.000
      78.00     0.000
      79.00     0.000
      80.00     0.000
      81.00     0.000
      82.00     0.000
      83.00     0.000
      84.00     0.000
      85.00     0.000
      86.00     0.000
      87.00     0.000
      88.00     0.000
      89.00     0.000
      90.00     0.000
      91.00     0.000
      92.00     0.000
      93.00     0.000
      94.00     0.000
      95.00     0.000
      96.00     0.000
      97.00     0.000
      98.00     0.000
      99.00     0.000
     100.00     0.000
%% HI4PI Gaussians - height, velocity, width (sigma) 
%      8.647     1.087     4.097
%      1.676     0.906    11.894
%      1.574   -52.890     5.651
%      0.535   -46.789    12.706
%      1.814     6.710     1.305
%      1.381     0.652     0.923
%      1.112    -4.032     0.919
%% Gaussians are derived from EBHIS                  
